"traffic" <-
c(2.8, 3.4, 1.4, 14.5, 1.9, 2.8, 2.3, 15.3, 1.8, 9.5,
  2.5, 9.4, 1.1, 88.6, 1.6, 1.9, 1.5, 33.7, 2.6, 12.9,
  16.2, 1.9, 20.3, 36.8, 40.1, 70.5, 2.0, 8.0, 2.1, 3.2,
  1.7, 56.5, 23.7, 2.4, 21.4, 5.1, 7.9, 20.1, 14.9, 5.6,
  51.7, 87.1, 1.2, 2.7, 1.0, 1.5, 1.3, 24.7, 72.6, 119.8,
  1.2, 6.9, 3.9, 1.6, 3.0, 1.8, 44.8, 5.0, 3.9, 125.3,
  22.8, 1.9, 15.9, 6.0, 20.6, 12.9, 3.9, 13.0, 6.9, 2.5,
  12.3, 5.7, 11.3, 2.5, 1.6, 7.6, 2.3, 6.1, 2.1, 34.7,
  15.4, 4.6, 55.7, 2.2, 6.0, 1.8, 1.9, 1.8, 42.0, 9.3,
  91.7, 2.4, 30.6, 1.2, 8.8, 6.6, 49.8, 58.1, 1.9, 2.9,
  0.5, 1.2, 31.0, 11.9, 0.8, 1.2, 0.8, 4.7, 8.3, 7.3,
  8.8, 1.8, 3.1, 0.8, 34.1, 3.0, 2.6, 3.7, 41.3, 29.7,
  17.6, 1.9, 13.8, 40.2, 10.1, 11.9, 11.0, 0.2
  )
