"dowjones" <-
structure(list(Date = structure(c(810777600, 810864000, 810950400, 
811036800, 811123200, 811382400, 811468800, 811555200, 811641600, 
811728000, 811987200, 812073600, 812160000, 812246400, 812332800, 
812592000, 812678400, 812764800, 812851200, 812937600, 813196800, 
813283200, 813369600, 813456000, 813542400, 813801600, 813888000, 
813974400, 814060800, 814147200, 814406400, 814492800, 814579200, 
814665600, 814752000, 815011200, 815097600, 815184000, 815270400, 
815356800, 815616000, 815702400, 815788800, 815875200, 815961600, 
816220800, 816307200, 816393600, 816480000, 816566400, 816825600, 
816912000, 816998400, 817084800, 817171200, 817430400, 817516800, 
817603200, 817689600, 817776000, 818035200, 818121600, 818208000, 
818294400, 818380800, 818640000, 818726400, 818812800, 818899200, 
818985600, 819244800, 819331200, 819417600, 819504000, 819590400, 
819849600, 819936000, 820022400, 820108800, 820195200, 820454400, 
820540800, 820627200, 820713600, 820800000, 821059200, 821145600, 
821232000, 821318400, 821404800, 821664000, 821750400, 821836800, 
821923200, 822009600, 822268800, 822355200, 822441600, 822528000, 
822614400, 822873600, 822960000, 823046400, 823132800, 823219200, 
823478400, 823564800, 823651200, 823737600, 823824000, 824083200, 
824169600, 824256000, 824342400, 824428800, 824688000, 824774400, 
824860800, 824947200, 825033600, 825292800, 825379200, 825465600, 
825552000, 825638400, 825897600, 825984000, 826070400, 826156800, 
826243200, 826502400, 826588800, 826675200, 826761600, 826848000, 
827107200, 827193600, 827280000, 827366400, 827452800, 827712000, 
827798400, 827884800, 827971200, 828057600, 828316800, 828403200, 
828489600, 828576000, 828662400, 828921600, 829008000, 829094400, 
829180800, 829267200, 829526400, 829612800, 829699200, 829785600, 
829872000, 830131200, 830217600, 830304000, 830390400, 830476800, 
830736000, 830822400, 830908800, 830995200, 831081600, 831340800, 
831427200, 831513600, 831600000, 831686400, 831945600, 832032000, 
832118400, 832204800, 832291200, 832550400, 832636800, 832723200, 
832809600, 832896000, 833155200, 833241600, 833328000, 833414400, 
833500800, 833760000, 833846400, 833932800, 834019200, 834105600, 
834364800, 834451200, 834537600, 834624000, 834710400, 834969600, 
835056000, 835142400, 835228800, 835315200, 835574400, 835660800, 
835747200, 835833600, 835920000, 836179200, 836265600, 836352000, 
836438400, 836524800, 836784000, 836870400, 836956800, 837043200, 
837129600, 837388800, 837475200, 837561600, 837648000, 837734400, 
837993600, 838080000, 838166400, 838252800, 838339200, 838598400, 
838684800, 838771200, 838857600, 838944000, 839203200, 839289600, 
839376000, 839462400, 839548800, 839808000, 839894400, 839980800, 
840067200, 840153600, 840412800, 840499200, 840585600, 840672000, 
840758400, 841017600, 841104000, 841190400, 841276800, 841363200, 
841622400, 841708800, 841795200, 841881600, 841968000, 842227200, 
842313600, 842400000, 842486400, 842572800, 842832000, 842918400, 
843004800, 843091200, 843177600, 843436800, 843523200, 843609600, 
843696000, 843782400, 844041600, 844128000, 844214400, 844300800, 
844387200, 844646400, 844732800, 844819200, 844905600, 844992000, 
845251200, 845337600, 845424000, 845510400, 845596800, 845856000, 
845942400, 846028800, 846115200, 846201600, 846460800, 846547200, 
846633600, 846720000, 846806400, 847065600, 847152000, 847238400, 
847324800, 847411200, 847670400, 847756800, 847843200, 847929600, 
848016000, 848275200, 848361600, 848448000, 848534400, 848620800, 
848880000, 848966400, 849052800, 849139200, 849225600, 849484800, 
849571200, 849657600, 849744000, 849830400, 850089600, 850176000, 
850262400, 850348800, 850435200, 850694400, 850780800, 850867200, 
850953600, 851040000, 851299200, 851385600, 851472000, 851558400, 
851644800, 851904000, 851990400, 852076800, 852163200, 852249600, 
852508800, 852595200, 852681600, 852768000, 852854400, 853113600, 
853200000, 853286400, 853372800, 853459200, 853718400, 853804800, 
853891200, 853977600, 854064000, 854323200, 854409600, 854496000, 
854582400, 854668800, 854928000, 855014400, 855100800, 855187200, 
855273600, 855532800, 855619200, 855705600, 855792000, 855878400, 
856137600, 856224000, 856310400, 856396800, 856483200, 856742400, 
856828800, 856915200, 857001600, 857088000, 857347200, 857433600, 
857520000, 857606400, 857692800, 857952000, 858038400, 858124800, 
858211200, 858297600, 858556800, 858643200, 858729600, 858816000, 
858902400, 859161600, 859248000, 859334400, 859420800, 859507200, 
859766400, 859852800, 859939200, 860025600, 860112000, 860371200, 
860457600, 860544000, 860630400, 860716800, 860976000, 861062400, 
861148800, 861235200, 861321600, 861580800, 861667200, 861753600, 
861840000, 861926400, 862185600, 862272000, 862358400, 862444800, 
862531200, 862790400, 862876800, 862963200, 863049600, 863136000, 
863395200, 863481600, 863568000, 863654400, 863740800, 8.64e+08, 
864086400, 864172800, 864259200, 864345600, 864604800, 864691200, 
864777600, 864864000, 864950400, 865209600, 865296000, 865382400, 
865468800, 865555200, 865814400, 865900800, 865987200, 866073600, 
866160000, 866419200, 866505600, 866592000, 866678400, 866764800, 
867024000, 867110400, 867196800, 867283200, 867369600, 867628800, 
867715200, 867801600, 867888000, 867974400, 868233600, 868320000, 
868406400, 868492800, 868579200, 868838400, 868924800, 869011200, 
869097600, 869184000, 869443200, 869529600, 869616000, 869702400, 
869788800, 870048000, 870134400, 870220800, 870307200, 870393600, 
870652800, 870739200, 870825600, 870912000, 870998400, 871257600, 
871344000, 871430400, 871516800, 871603200, 871862400, 871948800, 
872035200, 872121600, 872208000, 872467200, 872553600, 872640000, 
872726400, 872812800, 873072000, 873158400, 873244800, 873331200, 
873417600, 873676800, 873763200, 873849600, 873936000, 874022400, 
874281600, 874368000, 874454400, 874540800, 874627200, 874886400, 
874972800, 875059200, 875145600, 875232000, 875491200, 875577600, 
875664000, 875750400, 875836800, 876096000, 876182400, 876268800, 
876355200, 876441600, 876700800, 876787200, 876873600, 876960000, 
877046400, 877305600, 877392000, 877478400, 877564800, 877651200, 
877910400, 877996800, 878083200, 878169600, 878256000, 878515200, 
878601600, 878688000, 878774400, 878860800, 879120000, 879206400, 
879292800, 879379200, 879465600, 879724800, 879811200, 879897600, 
879984000, 880070400, 880329600, 880416000, 880502400, 880588800, 
880675200, 880934400, 881020800, 881107200, 881193600, 881280000, 
881539200, 881625600, 881712000, 881798400, 881884800, 882144000, 
882230400, 882316800, 882403200, 882489600, 882748800, 882835200, 
882921600, 883008000, 883094400, 883353600, 883440000, 883526400, 
883612800, 883699200, 883958400, 884044800, 884131200, 884217600, 
884304000, 884563200, 884649600, 884736000, 884822400, 884908800, 
885168000, 885254400, 885340800, 885427200, 885513600, 885772800, 
885859200, 885945600, 886032000, 886118400, 886377600, 886464000, 
886550400, 886636800, 886723200, 886982400, 887068800, 887155200, 
887241600, 887328000, 887587200, 887673600, 887760000, 887846400, 
887932800, 888192000, 888278400, 888364800, 888451200, 888537600, 
888796800, 888883200, 888969600, 889056000, 889142400, 889401600, 
889488000, 889574400, 889660800, 889747200, 890006400, 890092800, 
890179200, 890265600, 890352000, 890611200, 890697600, 890784000, 
890870400, 890956800, 891216000, 891302400, 891388800, 891475200, 
891561600, 891820800, 891907200, 891993600, 892080000, 892166400, 
892425600, 892512000, 892598400, 892684800, 892771200, 893030400, 
893116800, 893203200, 893289600, 893376000, 893635200, 893721600, 
893808000, 893894400, 893980800, 894240000, 894326400, 894412800, 
894499200, 894585600, 894844800, 894931200, 895017600, 895104000, 
895190400, 895449600, 895536000, 895622400, 895708800, 895795200, 
896054400, 896140800, 896227200, 896313600, 896400000, 896659200, 
