"engine"<-
structure(.Data = list(Time = c(5.231237562997292, 0.8837411621143357, 
	0.2458245189711115, 3.737508046199831, 1.193548682648953, 
	0.7444490091933975, 0.0003316719876203153, 2.212633058499362, 
	0.09988934086693642, 0.1570130757404862, 0.5938764874007935, 
	0.5450763124675745, 2.78271317329455, 0.955511841861073, 
	0.1205484810065402, 0.388568088103867, 0.1455613887992655, 
	0.3927463238338724, 0.2340125343524729, 0.6133401160995717, 
	0.3597261345221488, 0.02001332508547954, 0.08535049758900932, 
	0.8378777077059852, 1.491809687280274, 0.080670416816001, 
	1.210000995755949, 0.7985181166114014, 0.450192367490525, 
	0.6097920424330588, 0.3081687741629526, 0.08961976704041333), Corrosion
	 = c(0.02856560982763767, 0.1164455339312554, 0.3255641227588058, 
	0.3618757030926645, 0.7728950004093349, 1.07671243371442, 
	1.408066027797758, 1.530194312799722, 1.568192027043551, 
	1.644205823540688, 1.644408642314374, 1.664612088352442, 
	1.69701453531161, 1.749573536217213, 1.788764433003962, 
	1.877758731134236, 1.888144421391189, 2.0260074082762, 
	2.051496629137546, 2.190115910489112, 2.365581477060914, 
	2.399481928441674, 2.561722400132566, 2.56528501631692, 
	2.620787434279918, 2.716439834330231, 2.92964335065335, 
	3.337955195456743, 3.406588821671903, 3.86109929298982, 
	4.168309979140758, 4.178956965915858)), class = "data.frame", row.names
	 = c("1", "2", "3", "4", "5", "6", "7", "8", "9", "10", "11", "12", 
	"13", "14", "15", "16", "17", "18", "19", "20", "21", "22", "23", "24", 
	"25", "26", "27", "28", "29", "30", "31", "32"))


