"exchange"<-
structure(.Data = list(USD.GBP = c(1.6865, 1.6905, 1.6855, 1.6951, 1.6884, 
	1.6947, 1.6817, 1.6725, 1.6701, 1.6783, 1.6767, 1.6707, 1.6603, 1.6637, 
	1.6537, 1.6295, 1.6279, 1.6235, 1.6161, 1.6212, 1.6094, 1.6023, 1.6146, 
	1.6207, 1.6377, 1.6351, 1.623, 1.6387, 1.6445, 1.6335, 1.6243, 1.6211, 
	1.6181, 1.6031, 1.6139, 1.6111, 1.6155, 1.6335, 1.6327, 1.6335, 1.6291, 
	1.6291, 1.6177, 1.6163, 1.611, 1.6133, 1.6035, 1.6009, 1.606, 1.5927, 
	1.597, 1.6025, 1.5901, 1.5895, 1.5981, 1.5942, 1.6017, 1.617, 1.6172, 
	1.628, 1.6315, 1.6452, 1.6488, 1.6425, 1.6455, 1.638, 1.6278, 1.6235, 
	1.6215, 1.6235, 1.6246, 1.6227, 1.6267, 1.6245, 1.6313, 1.632, 1.6352, 
	1.6366, 1.6221, 1.6255, 1.6238, 1.6235, 1.6326, 1.6205, 1.6242, 1.6223, 
	1.6203, 1.6375, 1.6371, 1.6201, 1.6212, 1.6237, 1.6321, 1.6321, 1.6387, 
	1.6377, 1.6444, 1.6465, 1.6265, 1.633, 1.6405, 1.6287, 1.6379, 1.6407, 
	1.6357, 1.6343, 1.6361, 1.6279, 1.6334, 1.6286, 1.6353, 1.6385, 1.6373, 
	1.636, 1.636, 1.6368, 1.6389, 1.6383, 1.6483, 1.6545, 1.6687, 1.6643, 
	1.6634, 1.6667, 1.6617, 1.6653, 1.6663, 1.6892, 1.6861, 1.687, 1.6885, 
	1.6841, 1.6887, 1.6943, 1.6901, 1.6766, 1.6745, 1.6753, 1.6783, 1.6777, 
	1.6739, 1.6775, 1.6733, 1.6643, 1.6285, 1.6285, 1.6314, 1.6409, 1.6351, 
	1.6253, 1.6013, 1.588, 1.5852, 1.59, 1.5774, 1.5822, 1.5868, 1.609, 
	1.6095, 1.6039, 1.5927, 1.5905, 1.6111, 1.6057, 1.6127, 1.6105, 1.6151, 
	1.6211, 1.5903, 1.5862, 1.5863, 1.5925, 1.5831, 1.5885, 1.589, 1.597, 
	1.61, 1.6045, 1.5941, 1.5991, 1.6134, 1.611, 1.6025, 1.6125, 1.6107, 
	1.6284, 1.6099, 1.6165, 1.6125, 1.6147, 1.6141, 1.6143, 1.6139, 1.6204, 
	1.6205, 1.6252, 1.6212, 1.6197, 1.6239, 1.6187, 1.6145, 1.63, 1.6337, 
	1.6341, 1.6324, 1.6349, 1.6555, 1.6751, 1.6739, 1.6654, 1.6776, 1.6768, 
	1.6835, 1.6777, 1.6931, 1.6907, 1.6935, 1.704, 1.7014, 1.6933, 1.694, 
	1.6966, 1.6916, 1.6933, 1.69, 1.6895, 1.6813, 1.6743, 1.6721, 1.689, 
	1.6825, 1.6824, 1.6845, 1.6719, 1.6575, 1.6475, 1.6531, 1.6499, 1.6561, 
	1.6501, 1.6343, 1.6327, 1.651, 1.6627, 1.6689, 1.6623, 1.6667, 1.6696, 
	1.6707, 1.6545, 1.6424, 1.6419, 1.6329, 1.6325, 1.6259, 1.6122, 1.6162, 
	1.6229, 1.6325, 1.6303, 1.631, 1.634, 1.6371, 1.6273, 1.6263, 1.6496, 
	1.6695, 1.6551, 1.6471, 1.6429, 1.6413, 1.6325, 1.6385, 1.6417, 1.6385, 
	1.6545, 1.6459, 1.6347, 1.6234, 1.6325, 1.6387, 1.6349, 1.6383, 1.6315, 
	1.64, 1.6357, 1.6372, 1.6474, 1.6465, 1.6471, 1.6437, 1.6475, 1.6477, 
	1.6523, 1.6477, 1.6452, 1.6343, 1.6363, 1.6383, 1.6471, 1.6567, 1.6665, 
	1.6685, 1.6745, 1.6704, 1.6682, 1.667, 1.6789, 1.6756, 1.6745, 1.6863, 
	1.6848, 1.6785, 1.674, 1.6727, 1.6677, 1.6582, 1.6643, 1.6663, 1.6685, 
	1.6729, 1.6665, 1.6849, 1.6842, 1.6914, 1.6847, 1.676, 1.6765, 1.6744, 
	1.6661, 1.6675, 1.673, 1.6671, 1.6703, 1.6727, 1.668, 1.6665, 1.6607, 
	1.6617, 1.6489, 1.6377, 1.63, 1.6351, 1.6309, 1.6309, 1.6271, 1.6245, 
	1.6335, 1.6315, 1.6325, 1.6275, 1.6369, 1.6325, 1.6277, 1.6339, 1.6395, 
	1.6387, 1.6386, 1.6393, 1.6357, 1.6327, 1.6352, 1.6277, 1.63, 1.6307, 
	1.6317, 1.6521, 1.6617, 1.6695, 1.674, 1.6723, 1.6641, 1.6686, 1.6714, 
	1.6608, 1.6643, 1.6697, 1.6559, 1.6476, 1.6445, 1.6379, 1.6367, 1.6313, 
	1.6326, 1.6417, 1.6375, 1.6337, 1.6381, 1.6435, 1.6477, 1.6429, 1.6423, 
	1.6478, 1.6604, 1.657, 1.6489, 1.6433, 1.6415, 1.6335, 1.6324, 1.635, 
	1.6338, 1.6295, 1.6329, 1.6299, 1.6297, 1.6267, 1.6187, 1.6168, 1.6167, 
	1.6231, 1.6277, 1.6373, 1.6404, 1.6399, 1.6377, 1.651, 1.6713, 1.6763, 
	1.6747, 1.6695, 1.6767, 1.6725, 1.6587, 1.6605, 1.6815, 1.6845, 1.6772, 
	1.6738, 1.6764, 1.6835, 1.6849, 1.6845, 1.6847, 1.6801, 1.6939, 1.7023, 
	1.7043, 1.707, 1.7001, 1.7047, 1.7041, 1.6896, 1.683, 1.6968, 1.7218, 
	1.7055, 1.7019, 1.7055, 1.7031, 1.7038, 1.6998, 1.7062, 1.7015, 1.6957, 
	1.6845, 1.6735, 1.6715, 1.6759, 1.6737, 1.6657, 1.6589, 1.6583, 1.6631, 
	1.6583, 1.6585, 1.6584, 1.658, 1.6633, 1.6779, 1.677, 1.6717, 1.6555, 
	1.6539, 1.6587, 1.6594, 1.6596, 1.651, 1.6478, 1.6541, 1.6621, 1.6647, 
	1.6634, 1.6528, 1.6546, 1.6584, 1.668, 1.6815, 1.6889, 1.6849, 1.6759, 
	1.6757, 1.6805, 1.6805, 1.6775, 1.6767, 1.6724, 1.6832, 1.6664, 1.6627, 
	1.6594, 1.6566, 1.6549, 1.6492, 1.6409, 1.6379, 1.6307, 1.6495, 1.6529, 
	1.6509, 1.653, 1.6553, 1.6473, 1.6515, 1.6552, 1.6563, 1.6597, 1.649, 
	1.6474, 1.6458, 1.6411, 1.6431, 1.6377, 1.6393, 1.6371, 1.6381, 1.6357, 
	1.629, 1.6244, 1.6317, 1.6274, 1.6308, 1.6345, 1.6339, 1.6259, 1.6248, 
	1.6139, 1.5973, 1.6063, 1.603, 1.6069, 1.6139, 1.6135, 1.6067, 1.6077, 
	1.6086, 1.6172, 1.627, 1.6327, 1.6334, 1.6224, 1.6243, 1.63, 1.6297, 
	1.6303, 1.6285, 1.637, 1.641, 1.6316, 1.6201, 1.6145, 1.6118, 1.6145, 
	1.6067, 1.6012, 1.5926, 1.5971, 1.6085, 1.6069, 1.6134, 1.614, 1.613, 
	1.6102, 1.6118, 1.6073, 1.6145, 1.6077, 1.6121, 1.6175, 1.6115, 1.6177, 
	1.6147, 1.6107, 1.6087, 1.6081, 1.6211, 1.6337, 1.6399, 1.6346, 1.6291, 
	1.6217, 1.6193, 1.6187, 1.6174, 1.6193, 1.6203, 1.6177, 1.6126, 1.602, 
	1.6016, 1.5957, 1.5958, 1.6022, 1.6023, 1.6105, 1.6078, 1.6057, 1.6079, 
	1.6014, 1.6057, 1.5997, 1.6008, 1.6096, 1.608, 1.5936, 1.5875, 1.5926, 
	1.5925, 1.59, 1.5897, 1.5791, 1.5836, 1.5899, 1.5832, 1.5783, 1.5763, 
	1.5794, 1.5749, 1.5692, 1.5603, 1.5576, 1.552, 1.5558, 1.5568, 1.5637, 
	1.5671, 1.5627, 1.5631, 1.5703, 1.5766, 1.5845, 1.579, 1.5907, 1.5899, 
	1.5945, 1.6133, 1.6199, 1.6176, 1.6201, 1.6194, 1.615, 1.6057, 1.6179, 
	1.6107, 1.6089, 1.6053, 1.6017, 1.603, 1.6011, 1.6187, 1.6142, 1.6075, 
	1.5945, 1.5861, 1.5878, 1.5888, 1.5881, 1.6088, 1.6027, 1.6085, 1.6039, 
	1.6055, 1.6188, 1.6329, 1.6165, 1.6097, 1.6081, 1.6117, 1.6251, 1.6225, 
	1.6231, 1.6309, 1.6375, 1.6375, 1.6427, 1.6457, 1.6496, 1.6427, 1.6463, 
	1.6549, 1.6559, 1.6527, 1.6558, 1.6523, 1.6519, 1.6539, 1.6533, 1.6582, 
	1.6687, 1.6721, 1.6713, 1.6651, 1.6767, 1.6585, 1.6632, 1.6527, 1.6479, 
	1.6399, 1.643, 1.6405, 1.645, 1.6441, 1.6385, 1.6203, 1.6153, 1.6215, 
	1.6257, 1.6139, 1.6231, 1.6171, 1.6231, 1.6165, 1.6163, 1.6208, 1.6239, 
	1.609, 1.6148, 1.6052, 1.6029, 1.5957, 1.5961, 1.5977, 1.6015, 1.6233, 
	1.6237, 1.6253, 1.6237, 1.6227, 1.6237, 1.6119, 1.6089, 1.6127, 1.6071, 
	1.6042, 1.6101, 1.6063, 1.6165, 1.6153, 1.6171, 1.6125, 1.6153, 1.6371, 
	1.641, 1.6481, 1.6387, 1.6375, 1.6483, 1.6465, 1.6485, 1.6362, 1.6305, 
	1.638, 1.6441, 1.6545, 1.6517, 1.6525, 1.6487, 1.6397, 1.6367, 1.6207, 
	1.6183, 1.6157, 1.6059, 1.6029, 1.5904, 1.592, 1.6101, 1.6121, 1.6062, 
	1.5925, 1.5895, 1.5955, 1.6037, 1.6055, 1.5988, 1.5994, 1.6169, 1.6052, 
	1.5987, 1.5917, 1.5943, 1.5787, 1.5852, 1.578, 1.5811, 1.5731, 1.5773, 
	1.5852, 1.5818, 1.5802, 1.5785, 1.5727, 1.574, 1.5749, 1.5713, 1.5686, 
	1.5729, 1.5705, 1.5839, 1.5911, 1.5853, 1.5873, 1.5877, 1.5923, 1.5921, 
	1.5981, 1.5981, 1.5905, 1.5807, 1.5831, 1.5829, 1.5875, 1.5878, 1.5885, 
	1.5862, 1.5854, 1.5771, 1.5779, 1.5797, 1.5803, 1.5795, 1.5801, 1.5753, 
	1.5567, 1.5553, 1.5593, 1.562, 1.5442, 1.5287, 1.5309, 1.5319, 1.5157, 
	1.4995, 1.5173, 1.5077, 1.5011, 1.4912, 1.4809, 1.4857, 1.4733, 1.4761, 
	1.4705, 1.4873, 1.4914, 1.4942, 1.4971, 1.4908, 1.508, 1.5143, 1.5239, 
	1.5233, 1.5077, 1.5083, 1.5123, 1.5126, 1.5022, 1.5107, 1.5169, 1.5155, 
	1.5103, 1.4971, 1.5114, 1.5009, 1.4993, 1.5002, 1.5109, 1.5193, 1.5131, 
	1.5147, 1.5119, 1.5118, 1.5143, 1.5138, 1.5143, 1.5071, 1.4999, 1.4992, 
	1.4924, 1.4945, 1.4944, 1.5089, 1.5177, 1.5141, 1.5192, 1.516, 1.5114, 
	1.5027, 1.4986, 1.5001, 1.4923, 1.4953, 1.5034, 1.503, 1.5002, 1.4983, 
	1.5045, 1.5063, 1.5062, 1.4992, 1.499, 1.4896, 1.4911, 1.4801, 1.4816, 
	1.4803, 1.474, 1.4719, 1.4615, 1.4566, 1.451, 1.4601, 1.4518, 1.4445, 
	1.438, 1.4203, 1.4117, 1.4017, 1.4128, 1.4057, 1.4001, 1.4013, 1.4085, 
	1.4111, 1.4279, 1.4577, 1.4538, 1.4598, 1.4611, 1.4641, 1.479, 1.467, 
	1.4567, 1.4563, 1.4507, 1.4443, 1.4495, 1.4617, 1.4728, 1.4591, 1.4459, 
	1.4423, 1.4468, 1.4432, 1.4453, 1.4555, 1.4497, 1.4341, 1.4323, 1.4515, 
	1.4535, 1.4509, 1.4457, 1.4443, 1.4485, 1.4311, 1.4312, 1.4232, 1.4243, 
	1.4309, 1.4309, 1.4265, 1.4229, 1.4233, 1.4223, 1.4169),