"fremantle"<-
structure(.Data = list(Year = c(1897, 1898, 1899, 1900, 1901, 1903, 1904, 1905, 
	1906, 1908, 1909, 1912, 1914, 1915, 1916, 1917, 1918, 1919, 1920, 1921, 
	1922, 1923, 1924, 1925, 1927, 1928, 1929, 1930, 1931, 1932, 1933, 1934, 
	1935, 1936, 1937, 1938, 1939, 1940, 1941, 1943, 1944, 1945, 1946, 1947, 
	1948, 1949, 1950, 1951, 1952, 1953, 1954, 1955, 1956, 1957, 1958, 1959, 
	1960, 1961, 1962, 1963, 1964, 1965, 1966, 1967, 1968, 1969, 1970, 1971, 
	1972, 1973, 1974, 1975, 1976, 1977, 1978, 1979, 1980, 1981, 1982, 1983, 
	1984, 1985, 1986, 1987, 1988, 1989), "Sea Level" = c(1.58, 1.71, 1.4, 
	1.34, 1.43, 1.19, 1.55, 1.34, 1.37, 1.46, 1.92, 1.37, 1.19, 1.4, 1.28, 
	1.52, 1.52, 1.58, 1.49, 1.65, 1.37, 1.49, 1.46, 1.34, 1.74, 1.62, 1.46, 
	1.71, 1.74, 1.55, 1.43, 1.62, 1.49, 1.58, 1.34, 1.37, 1.62, 1.31, 1.43, 
	1.49, 1.55, 1.71, 1.49, 1.46, 1.52, 1.58, 1.65, 1.49, 1.52, 1.52, 1.49, 
	1.62, 1.86, 1.58, 1.62, 1.46, 1.43, 1.46, 1.62, 1.68, 1.83, 1.62, 1.46, 
	1.58, 1.77, 1.62, 1.71, 1.46, 1.6, 1.5, 1.6, 1.9, 1.7, 1.4, 1.8, 1.37, 
	1.46, 1.61, 1.43, 1.67, 1.62, 1.57, 1.56, 1.46, 1.7, 1.51), SOI = c(
	-0.67, 0.57, 0.16, -0.65, 0.06, 0.47, 0.39, -1.78, 0.2, 0.28, 0.28, 
	-0.97, -0.92, 0.16, 0.62, 2.12, 0.05, -1.09, 0.08, 0.66, 0.33, -0.36, 
	0.33, -0.24, 0.27, 0.43, 0.46, 0.03, 0.39, -0.68, 0.09, -0.01, 0.14, 
	0.03, 0.09, 0.86, 0.02, -1.52, -1.44, 0.35, -0.27, 0.42, -0.79, 0.16, 
	-0.24, -0.21, 1.49, -0.6899999999999999, -0.23, -0.76, 0.23, 0.89, 1, 
	-0.45, -0.5, -0.11, 0.28, -0.01, 0.38, -0.32, 0.53, -0.97, -0.53, 0.25, 
	0.19, -0.66, 0.28, 1.06, -0.88, 0.63, 0.97, 1.32, 0.06, -1.13, -0.3, 
	-0.08, -0.43, 0.06, -1.44, -0.94, -0.14, -0.07000000000000001, -0.32, 
	-1.47, 0.73, 0.61)), class = "data.frame", row.names = c("1", "2", "3", 
	"4", "5", "7", "8", "9", "10", "12", "13", "16", "18", "19", "20", "21",
	"22", "23", "24", "25", "26", "27", "28", "29", "31", "32", "33", "34", 
	"35", "36", "37", "38", "39", "40", "41", "42", "43", "44", "45", "47", 
	"48", "49", "50", "51", "52", "53", "54", "55", "56", "57", "58", "59", 
	"60", "61", "62", "63", "64", "65", "66", "67", "68", "69", "70", "71", 
	"72", "73", "74", "75", "76", "77", "78", "79", "80", "81", "82", "83", 
	"84", "85", "86", "87", "88", "89", "90", "91", "92", "93"))

