"wavesurge"<-
structure(.Data = list(wave = c(1.5, 1.83, 2.44, 1.68, 1.49, 1.2, 1.35, 1.15, 
	1.2, 1.07, 1.72, 1.18, 0.97, 2.12, 2.26, 1.1, 1.31, 1.53, 2.51, 2.07, 
	1.6, 1.17, 1.45, 0.7, 2.01, 2.28, 1.95, 1.32, 0.88, 0.48, 0.78, 0.83, 
	1.14, 1.91, 1.48, 2.01, 1.73, 2.76, 2.94, 2.2, 1.93, 1.74, 1.44, 1.05, 
	1.16, 2.72, 2.67, 1.72, 2.39, 1.83, 2.35, 2.16, 2.18, 2.47, 4.37, 3.04, 
	3.56, 3.32, 2.59, 2.07, 1.91, 1.46, 2.46, 1.97, 4.23, 3.37, 1.91, 2.43, 
	2.4, 3.73, 2.94, 2.4, 2.63, 1.58, 0.94, 1.49, 2.01, 2.61, 1.59, 1.42, 
	1.39, 1.51, 1.88, 2.24, 2.42, 2, 1.78, 1.15, 1.41, 1.41, 1.21, 2.24, 
	2.64, 3.17, 2.47, 2.54, 2.21, 2.8, 2.65, 3.91, 4.18, 3.14, 2.02, 2.16, 
	2.64, 1.84, 1.85, 1.82, 1.95, 2.12, 1.69, 1.77, 1.94, 1.78, 1.37, 2.65, 
	2.4, 2.13, 1.68, 1.01, 1.08, 1.13, 1.19, 1.15, 1.29, 1.44, 1.45, 1.57, 
	1.32, 1.02, 1.27, 1.25, 1.22, 1.19, 1.2, 2.23, 1.99, 1.79, 1.64, 4.38, 
	4.93, 3.29, 1.55, 1.47, 1.94, 2.3, 2.51, 2.24, 1.58, 1.37, 3.16, 2.37, 
	2.04, 2.14, 2.39, 1.83, 1.83, 2.18, 1.79, 1.76, 1.07, 1.41, 2.56, 3.04, 
	2.26, 2.45, 1.79, 3.44, 2.3, 3.61, 4.42, 3.05, 3.59, 4.72, 5.38, 6.38, 
	5.650000000000001, 4.99, 3.52, 4.68, 3.38, 3.74, 3.8, 3.03, 2.18, 1.88, 
	1.34, 2.5, 2.35, 1.92, 2.2, 2.17, 3.36, 2.84, 3, 2.52, 1.74, 3.14, 2.64,
	3.44, 2.85, 2.19, 3.22, 3.85, 3.72, 5.2, 2.86, 3.75, 5.82, 4.99, 4.44, 
	3.6, 1.4, 1.24, 1.74, 2.05, 4.21, 3.01, 1.76, 1.5, 2.51, 2.7, 2.4, 3.61,
	4.13, 5.24, 3.01, 4.08, 6.75, 7.28, 5.89, 4.93, 4.63, 3.22, 2.1, 1.9, 
	1.57, 1.06, 1.87, 3.44, 4.400000000000001, 4.23, 4.96, 
	5.150000000000001, 5.27, 3.08, 4.55, 3.87, 3.33, 2.15, 1.9, 1.86, 3.05, 
	2.78, 2.35, 1.84, 1.5, 1.43, 2.41, 1.86, 1.71, 1.39, 1.8, 1.82, 2.97, 
	3.58, 3.52, 5.650000000000001, 4.5, 4.45, 4.22, 3.56, 4.400000000000001,
	5.36, 8.1, 7.44, 4.66, 4.7, 3.69, 3.6, 3.12, 3.51, 4.43, 4.63, 5.3, 
	4.79, 4, 2.9, 3.11, 3.74, 4.26, 4.82, 4.38, 3.33, 2.34, 2.02, 1.34, 1.3,
	1.14, 2.02, 2.39, 1.72, 2.33, 4.03, 3.58, 4.72, 6.26, 5.43, 4, 6.59, 
	7.7, 5.97, 6.16, 4.76, 4.46, 5.55, 6.1, 5.27, 4.74, 8.27, 6.95, 4.76, 
	4.650000000000001, 4.24, 3.57, 3.65, 3.66, 2.84, 3.02, 4.19, 4.91, 5.33,
	5.85, 4.97, 7.91, 7.88, 6.47, 5.17, 3.72, 3.1, 2.91, 2.01, 5.88, 6.94, 
	6.94, 8.449999999999999, 7.46, 5.53, 5.03, 5.28, 4.33, 3.58, 2.76, 2.42,
	2.66, 4.78, 4.05, 4.41, 3.6, 5.44, 7.96, 7.74, 5.7, 3.97, 3.36, 5.86, 
	6.84, 5.71, 4.6, 2.83, 5.22, 3.68, 1.76, 1.44, 1.48, 2.9, 2.97, 2.49, 
	2.35, 2.94, 2.83, 2.69, 1.79, 1.45, 4.04, 4.150000000000001, 5.18, 5.82,
	6.12, 7.03, 5.82, 4.6, 5.57, 8.07, 6.89, 5.17, 4.57, 9.47, 9.89, 7.23, 
	5.02, 2.76, 1.91, 3.28, 3.64, 4.77, 3.98, 4.35, 3.37, 2.13, 1.17, 1.23, 
	1.51, 1.16, 1.88, 2.78, 2.79, 2.27, 2.36, 1.97, 2.16, 1.69, 1.69, 1.35, 
	1.14, 2.09, 2.23, 1.96, 4.33, 4.79, 6.67, 6.5, 4.97, 3.12, 2.7, 3.43, 
	2.04, 2.53, 2.83, 3.1, 3.9, 2.83, 3.35, 5.76, 7.16, 4.900000000000001, 
	4.41, 5.26, 6.98, 5.87, 3.61, 3.29, 4.8, 8.279999999999999, 6.64, 4.99, 
	2.09, 1.93, 3.36, 4.44, 2.46, 2.3, 1.65, 1.68, 1.77, 2.73, 2.84, 2.51, 
	2.13, 2.02, 1.87, 2.38, 3.12, 2.55, 2.6, 2.37, 2.65, 2.09, 1.34, 2.02, 
	1.91, 1.65, 3.89, 4.87, 3.94, 3.52, 2.5, 2.18, 1.44, 2.95, 2.87, 2.77, 
	1.86, 1.86, 1.79, 2.7, 2.27, 3.1, 2.76, 4.44, 4.03, 3.36, 4.01, 
	5.400000000000001, 4.73, 3.86, 3.28, 2.84, 2.54, 2.17, 1.96, 0.77, 1.04,
	1.39, 2.12, 2.44, 2.01, 2.27, 3.62, 3.59, 3.94, 4.11, 3.5, 3.93, 6.27, 
	5.900000000000001, 6.29, 7.58, 5.5, 3.11, 4.77, 5, 4.21, 3.08, 1.98, 
	1.62, 1.11, 2.1, 2.78, 2.79, 2.39, 1.82, 2.15, 2.21, 1.72, 2.32, 2.47, 
	2.58, 2.51, 2.49, 2.13, 1.44, 1.2, 1.84, 2.65, 2.38, 1.31, 1.24, 0.86, 
	0.95, 0.73, 1.43, 2.73, 3.69, 2.82, 2.92, 2.61, 4.05, 4.6, 3.33, 3.05, 
	2.32, 2.43, 1.69, 2.16, 2.7, 2.65, 2.17, 2.32, 2.11, 1.44, 1.22, 1.67, 
	3.16, 3.26, 3.22, 3.65, 2.45, 2.48, 2.84, 1.95, 1.3, 1.5, 2.22, 1.56, 
	1.67, 1.97, 2.45, 2.45, 2.02, 1.64, 1.28, 1.12, 1.03, 0.85, 1.28, 1.02, 
	0.85, 1.16, 0.89, 1.08, 0.67, 0.63, 0.41, 0.51, 0.44, 0.45, 0.32, 0.78, 
	0.95, 0.75, 0.6899999999999999, 0.57, 0.62, 0.71, 1.1, 1.49, 1.55, 2.72,
	4.14, 4.8, 3.65, 2.41, 1.37, 0.75, 2.65, 1.83, 1.98, 1.95, 1.9, 2.4, 
	3.83, 3.55, 2.97, 1.78, 1.34, 1.05, 0.87, 3.33, 3.55, 2.41, 2.1, 1.23, 
	1.51, 1.2, 1.21, 2.27, 1.97, 1.62, 1.16, 1.02, 0.91, 1.35, 1.3, 1.08, 
	0.8100000000000001, 0.54, 0.43, 0.73, 1.1, 2.36, 2.01, 1.55, 1.29, 0.72,
	0.67, 1.31, 1.94, 1.82, 1.57, 1.4, 1.17, 1.05, 0.92, 1.52, 1.95, 1.42, 
	0.83, 0.59, 1.04, 1.26, 1.43, 3.25, 3.22, 1.77, 1.19, 1.19, 1.14, 0.83, 
	1.46, 1.94, 1.69, 1.14, 0.8, 0.75, 0.73, 0.9, 0.87, 2.24, 1.86, 1.4, 
	1.11, 0.8, 2.28, 2.4, 2.19, 2.92, 2.08, 1.94, 1.54, 1.38, 1.41, 2.03, 
	1.98, 1.53, 1.41, 1.88, 2.33, 3.3, 2.42, 1.96, 1.62, 1.57, 2.32, 3.02, 
	2.77, 1.74, 1.93, 1.2, 1.58, 2.06, 2.05, 3.09, 3.19, 2.68, 2.73, 1.56, 
	2.07, 2.18, 2.02, 2.18, 2.6, 2.21, 2.05, 2.16, 2.27, 3, 2.34, 2.37, 
	2.73, 1.75, 1.98, 2.27, 1.91, 1.69, 1.62, 1.24, 1.2, 3.22, 2.74, 4.14, 
	6.08, 3.67, 5.07, 4.82, 3.07, 2.12, 2.15, 1.95, 2.38, 2.09, 2.99, 2.35, 
	2.78, 2.09, 1.91, 1.83, 3.27, 3.51, 2.88, 2.67, 5.23, 4.07, 4.91, 4.22, 
	5.1, 7.19, 5.1, 2.66, 2.09, 1.64, 3.58, 2.66, 2.99, 2.6, 5.3, 4.32, 5.1,
	7.58, 6.25, 4.83, 3.05, 2.35, 2.87, 2.13, 1.24, 0.82, 1.56, 1.34, 1.94, 
	4.11, 5.54, 5.72, 4.24, 4.29, 5.93, 6.7, 5.47, 4.13, 4.63, 5.33, 6.31, 
	7.64, 6.71, 5.99, 7.22, 4.84, 5.62, 4.17, 3.57, 4.14, 5.54, 6.6, 5.95, 
	4.84, 6.7, 5.57, 4.31, 4, 3.69, 5.17, 4.8, 3.78, 4.33, 3.56, 2.37, 2.28,
	3.54, 3.52, 3.05, 2.65, 2.12, 2.53, 3.22, 4.47, 6.1, 5.150000000000001, 
	7.04, 5.2, 7.46, 7.54, 2.4, 2.37, 3.5, 3.03, 3.44, 2.85, 2.83, 2.59, 
	2.44, 1.78, 1.84, 1.95, 2.53, 1.97, 1.2, 1.34, 1.21, 1.23, 2.26, 2.65, 
	3.61, 3.49, 2.77, 4.04, 3.49, 7.92, 6.33, 5.84, 4.47, 3.7, 3.15, 2.69, 
	6.27, 7.1, 4.07, 4.24, 3.57, 3.18, 3.33, 2.82, 3.59, 3.3, 3.23, 3.21, 
	3.76, 4.01, 4.53, 3.33, 2.76, 2.71, 2.77, 3.91, 3.83, 3.5, 2.49, 1.95, 
	2, 1.55, 2.57, 3.11, 2.9, 2.33, 2.4, 2.64, 2.89, 3.85, 3.38, 5.25, 4.49,
	3.82, 4.150000000000001, 8.300000000000001, 8.390000000000001, 7.84, 
	5.96, 4.87, 4.88, 3.54, 2.2, 1.24, 2.15, 1.92, 1.94, 1.92, 1.62, 1.68, 
	3.01, 3.55, 4.5, 4.97, 3.22, 3.35, 3.64, 4.400000000000001, 3.22, 2.78, 
	2.67, 2.89, 2.17, 2.77, 3.65, 4.84, 4.23, 3.47, 2.76, 2.56, 3.58, 4.71, 
	2.28, 1.44, 1.98, 1.93, 2.05, 2.23, 2.15, 1.67, 1.01, 1.09, 1.36, 1.56, 
	1.49, 1.51, 1.13, 1.01, 1.33, 1.1, 0.92, 0.73, 0.5600000000000001, 0.71,
	1.28, 1.2, 0.89, 0.95, 2.03, 3.96, 6.14, 4.95, 3.22, 1.93, 3.4, 3.2, 
	3.33, 2.1, 2.5, 3.58, 3.2, 3.4, 3.5, 5.48, 5.8, 3.37, 2.57, 3.78, 3.39, 
	2.83, 4.08, 1.58, 1.24, 2.92, 2.22, 2.27, 2.13, 1.43, 1.42, 1.23, 1, 
	1.55, 1.69, 2.15, 1.32, 2.26, 2.63, 2.62, 1.83, 2.57, 2.79, 3.64, 3.43, 
	1.76, 1.95, 1.51, 1.34, 0.83, 1.65, 1.05, 1.51, 1.54, 1.41, 1.46, 2.61, 
	2.68, 1.64, 2.98, 2.48, 2.97, 5.86, 3.05, 3.07, 3.49, 4.03, 3.47, 2.95, 
	2.54, 2.23, 3.04, 2.82, 2.33, 1.63, 1.11, 1.8, 1.64, 1.64, 1.51, 1.79, 
	3.84, 4, 3.49, 1.41, 1.42, 1.29, 1.69, 1.96, 2.58, 2.12, 1.82, 1.63, 
	1.76, 1.36, 0.9, 1.05, 1.58, 1.04, 1.1, 0.88, 1.28, 1.44, 2.34, 2.07, 
	3.37, 1.99, 1.67, 2.58, 3.17, 3.45, 2.05, 1.62, 1.01, 1.06, 1.3, 1.19, 
	1.31, 1.17, 1.77, 2.52, 2.05, 1.83, 1.35, 1.42, 2.07, 2.27, 1.84, 1.27, 
	1.36, 2.15, 2.01, 1.91, 2.08, 1.73, 2.06, 4.27, 3.73, 3.02, 2.33, 2.52, 
	2.68, 2.58, 1.8, 1.6, 1.27, 1.48, 1.12, 1.51, 1.78, 1.65, 1.8, 1.92, 
	2.05, 3.93, 3.18, 2.34, 1.69, 1.65, 1.39, 1.34, 1.04, 1.17, 2.19, 2.01, 
	1.54, 1.5, 0.91, 1.18, 1.18, 1.75, 2.14, 1.73, 1.52, 1.19, 2.05, 1.62, 
	1.39, 1.19, 1.94, 1.54, 1.94, 1.52, 2.68, 2.72, 3.12, 2.71, 2.41, 1.94, 
	1.21, 1.14, 1.18, 2.14, 2.45, 1.74, 1.73, 1.09, 1.48, 1.34, 1.23, 1.07, 
	0.88, 0.66, 0.67, 1.23, 1.69, 1.34, 1.8, 2.4, 3.16, 4.17, 
	4.150000000000001, 5.04, 3.92, 4.62, 2.94, 2.42, 2.66, 2.76, 2.27, 1.5, 
	1.36, 1.03, 1.1, 1.09, 0.79, 0.97, 1.12, 0.99, 1.35, 1.55, 1.4, 0.85, 
	0.66, 0.94, 1.02, 0.88, 1.32, 1.66, 1.28, 1.48, 1.36, 0.86, 0.98, 1.34, 
	1.38, 2.39, 2.6, 1.92, 3.12, 3.15, 2.69, 2.18, 3.02, 3.55, 4.5, 2.35, 
