"wind"<-
structure(.Data = list(Year = c(1944, 1945, 1946, 1947, 1948, 1949, 1950, 1951, 
	1952, 1953, 1954, 1955, 1956, 1957, 1958, 1959, 1960, 1961, 1962, 1963, 
	1964, 1965, 1966, 1967, 1968, 1969, 1970, 1971, 1972, 1973, 1974, 1975, 
	1976, 1977, 1978, 1979, 1980, 1981, 1982, 1983), Hartford = c(49, 54, 
	60, 49, 57, 51, 79, 57, 45, 60, 54, 55, 49, 58, 51, 59, 51, 47, 46, 57, 
	57, 51, 47, 62, 45, 48, 45, 57, 53, 42, 53, 51, 55, 55, 60, 49, 48, 45, 
	50, 52), Albany = c(52, 46, 48, 44, 42, 41, 68, 50, 55, 68, 47, 43, 41, 
	47, 41, 55, 44, 46, 40, 49, 46, 44, 48, 49, 47, 46, 46, 62, 46, 38, 51, 
	49, 53, 46, 43, 48, 44, 46, 44, 40)), class = "data.frame", row.names
	 = c("33", "34", "35", "36", "37", "38", "39", "40", "41", "42", "43", 
	"44", "45", "46", "47", "48", "49", "50", "51", "52", "53", "54", "55", 
	"56", "57", "58", "59", "60", "61", "62", "63", "64", "65", "66", "67", 
	"68", "69", "70", "71", "72"))

