

################################################################################
# Compute probability and compare with SPlus


.gridCoord = function(n = 10)
{
    x = y = (0:n)/n
    nx = ny = length(x)
    xoy = cbind(rep(x, ny), as.vector(matrix(y, nx, ny, byrow = TRUE)))
    XY  = matrix(xoy, nx * ny, 2, byrow = FALSE)
    list(x = XY[, 1], y = XY[, 2])
}
u = .gridCoord()$x
v = .gridCoord()$y

# Lattice Coordinates:

u
  [1] 0.0 0.1 0.2 0.3 0.4 0.5 0.6 0.7 0.8 0.9 1.0 0.0 0.1 0.2 0.3 0.4 0.5 0.6
 [19] 0.7 0.8 0.9 1.0 0.0 0.1 0.2 0.3 0.4 0.5 0.6 0.7 0.8 0.9 1.0 0.0 0.1 0.2
 [37] 0.3 0.4 0.5 0.6 0.7 0.8 0.9 1.0 0.0 0.1 0.2 0.3 0.4 0.5 0.6 0.7 0.8 0.9
 [55] 1.0 0.0 0.1 0.2 0.3 0.4 0.5 0.6 0.7 0.8 0.9 1.0 0.0 0.1 0.2 0.3 0.4 0.5
 [73] 0.6 0.7 0.8 0.9 1.0 0.0 0.1 0.2 0.3 0.4 0.5 0.6 0.7 0.8 0.9 1.0 0.0 0.1
 [91] 0.2 0.3 0.4 0.5 0.6 0.7 0.8 0.9 1.0 0.0 0.1 0.2 0.3 0.4 0.5 0.6 0.7 0.8
[109] 0.9 1.0 0.0 0.1 0.2 0.3 0.4 0.5 0.6 0.7 0.8 0.9 1.0
v
  [1] 0.0 0.0 0.0 0.0 0.0 0.0 0.0 0.0 0.0 0.0 0.0 0.1 0.1 0.1 0.1 0.1 0.1 0.1
 [19] 0.1 0.1 0.1 0.1 0.2 0.2 0.2 0.2 0.2 0.2 0.2 0.2 0.2 0.2 0.2 0.3 0.3 0.3
 [37] 0.3 0.3 0.3 0.3 0.3 0.3 0.3 0.3 0.4 0.4 0.4 0.4 0.4 0.4 0.4 0.4 0.4 0.4
 [55] 0.4 0.5 0.5 0.5 0.5 0.5 0.5 0.5 0.5 0.5 0.5 0.5 0.6 0.6 0.6 0.6 0.6 0.6
 [73] 0.6 0.6 0.6 0.6 0.6 0.7 0.7 0.7 0.7 0.7 0.7 0.7 0.7 0.7 0.7 0.7 0.8 0.8
 [91] 0.8 0.8 0.8 0.8 0.8 0.8 0.8 0.8 0.8 0.9 0.9 0.9 0.9 0.9 0.9 0.9 0.9 0.9
[109] 0.9 0.9 1.0 1.0 1.0 1.0 1.0 1.0 1.0 1.0 1.0 1.0 1.0


################################################################################
# ELLIPTICAL COPULAE:


# ******************************************************************************
# Elliptical Copulae Probability:


    # Normal Copula:

    # SPlus
          [,1]  [,2]  [,3]  [,4]  [,5]  [,6]  [,7]  [,8]  [,9] [,10] [,11] 
     [1,]    0 0.000 0.000 0.000 0.000 0.000 0.000 0.000 0.000 0.000   0.0
     [2,]    0 0.051 0.074 0.086 0.093 0.097 0.099 0.100 0.100 0.100   0.1
     [3,]    0 0.074 0.121 0.151 0.172 0.185 0.193 0.197 0.199 0.200   0.2
     [4,]    0 0.086 0.151 0.200 0.237 0.262 0.280 0.291 0.297 0.300   0.3
     [5,]    0 0.093 0.172 0.237 0.289 0.329 0.359 0.380 0.393 0.399   0.4
     [6,]    0 0.097 0.185 0.262 0.329 0.385 0.429 0.462 0.485 0.497   0.5
     [7,]    0 0.099 0.193 0.280 0.359 0.429 0.489 0.537 0.572 0.593   0.6
     [8,]    0 0.100 0.197 0.291 0.380 0.462 0.537 0.600 0.651 0.686   0.7
     [9,]    0 0.100 0.199 0.297 0.393 0.485 0.572 0.651 0.721 0.774   0.8
    [10,]    0 0.100 0.200 0.300 0.399 0.497 0.593 0.686 0.774 0.851   0.9
    [11,]    0 0.100 0.200 0.300 0.400 0.500 0.600 0.700 0.800 0.900   1.0


################################################################################
# ARCHIMEDEAN VALUE COPULAE:


    # Rmetrics:
    #   type = 1:22
    #   alpha = 1.0, 2.0, 0.5, 2.0, 1.0,    2.0, 0.5, 2.0, 0.5, 0.5, 
    #           0.2, 2.0, 1.0, 2.0, 2.0,    1.0, 0.5, 3.0, 1.0, 1.0, 
    #           2.0, 0.5
    #   1  Clayton
    #   3  Ali-Mikhail-Haq
    #   4  Gumbel-Hougard
    #   5  Frank
    #   6  Joe
    #   9  Gumbel-Barnett
    
    # S-PLUS:
    #   "gumbel", "frank", "kimeldorf.sampson", "joe", 
    #   "bb1", "bb2", "bb3", "bb6", "bb7"

    
# ******************************************************************************
# Archimedean Copulae Probability:


    # Frank Probability --------------------------------------------------------
    # Rmetrics: 
    round(matrix(.parchm1Copula(u, v, type = 5), 11), 3)
          [,1]  [,2]  [,3]  [,4]  [,5]  [,6]  [,7]  [,8]  [,9] [,10] [,11]
     [1,]    0 0.000 0.000 0.000 0.000 0.000 0.000 0.000 0.000 0.000   0.0
     [2,]    0 0.014 0.028 0.040 0.051 0.061 0.070 0.079 0.087 0.094   0.1
     [3,]    0 0.028 0.053 0.077 0.099 0.120 0.139 0.156 0.172 0.187   0.2
     [4,]    0 0.040 0.077 0.112 0.145 0.176 0.205 0.231 0.256 0.279   0.3
     [5,]    0 0.051 0.099 0.145 0.189 0.230 0.268 0.305 0.339 0.370   0.4
     [6,]    0 0.061 0.120 0.176 0.230 0.281 0.330 0.376 0.420 0.461   0.5
     [7,]    0 0.070 0.139 0.205 0.268 0.330 0.389 0.445 0.499 0.551   0.6
     [8,]    0 0.079 0.156 0.231 0.305 0.376 0.445 0.512 0.577 0.640   0.7
     [9,]    0 0.087 0.172 0.256 0.339 0.420 0.499 0.577 0.653 0.728   0.8
    [10,]    0 0.094 0.187 0.279 0.370 0.461 0.551 0.640 0.728 0.814   0.9
    [11,]    0 0.100 0.200 0.300 0.400 0.500 0.600 0.700 0.800 0.900   1.0
    # S-PLUS
    copula = archm.copula(family = "frank", param = 1.0)
    round(matrix(pcopula(copula, u, v), 11), 3)
          [,1]  [,2]  [,3]  [,4]  [,5]  [,6]  [,7]  [,8]  [,9] [,10] [,11] 
     [1,]    0 0.000 0.000 0.000 0.000 0.000 0.000 0.000 0.000 0.000   0.0
     [2,]    0 0.014 0.028 0.040 0.051 0.061 0.070 0.079 0.087 0.094   0.1
     [3,]    0 0.028 0.053 0.077 0.099 0.120 0.139 0.156 0.172 0.187   0.2
     [4,]    0 0.040 0.077 0.112 0.145 0.176 0.205 0.231 0.256 0.279   0.3
     [5,]    0 0.051 0.099 0.145 0.189 0.230 0.268 0.305 0.339 0.370   0.4
     [6,]    0 0.061 0.120 0.176 0.230 0.281 0.330 0.376 0.420 0.461   0.5
     [7,]    0 0.070 0.139 0.205 0.268 0.330 0.389 0.445 0.499 0.551   0.6
     [8,]    0 0.079 0.156 0.231 0.305 0.376 0.445 0.512 0.577 0.640   0.7
     [9,]    0 0.087 0.172 0.256 0.339 0.420 0.499 0.577 0.653 0.728   0.8
    [10,]    0 0.094 0.187 0.279 0.370 0.461 0.551 0.640 0.728 0.814   0.9
    [11,]    0 0.100 0.200 0.300 0.400 0.500 0.600 0.700 0.800 0.900   1.0

    
    # Joe Probability ----------------------------------------------------------
    # Rmetrics: 
    round(matrix(.parchm1Copula(u, v, type = 6), 11), 3)
          [,1]  [,2]  [,3]  [,4]  [,5]  [,6]  [,7]  [,8]  [,9] [,10] [,11]
     [1,]    0 0.000 0.000 0.000 0.000 0.000 0.000 0.000 0.000 0.000   0.0
     [2,]    0 0.018 0.035 0.050 0.063 0.074 0.083 0.091 0.096 0.099   0.1
     [3,]    0 0.035 0.067 0.096 0.123 0.146 0.165 0.180 0.191 0.198   0.2
     [4,]    0 0.050 0.096 0.140 0.179 0.214 0.244 0.268 0.286 0.296   0.3
     [5,]    0 0.063 0.123 0.179 0.232 0.279 0.320 0.354 0.379 0.395   0.4
     [6,]    0 0.074 0.146 0.214 0.279 0.339 0.392 0.437 0.471 0.493   0.5
     [7,]    0 0.083 0.165 0.244 0.320 0.392 0.457 0.515 0.560 0.590   0.6
     [8,]    0 0.091 0.180 0.268 0.354 0.437 0.515 0.585 0.644 0.685   0.7
     [9,]    0 0.096 0.191 0.286 0.379 0.471 0.560 0.644 0.720 0.777   0.8
    [10,]    0 0.099 0.198 0.296 0.395 0.493 0.590 0.685 0.777 0.859   0.9
    [11,]    0 0.100 0.200 0.300 0.400 0.500 0.600 0.700 0.800 0.900   1.0
    # S-PLUS
    copula = archm.copula(family = "joe", param = 2.0)
    round(matrix(pcopula(copula, u, v), 11), 3)
          [,1]  [,2]  [,3]  [,4]  [,5]  [,6]  [,7]  [,8]  [,9] [,10] [,11] 
     [1,]    0 0.000 0.000 0.000 0.000 0.000 0.000 0.000 0.000 0.000   0.0
     [2,]    0 0.018 0.035 0.050 0.063 0.074 0.083 0.091 0.096 0.099   0.1
     [3,]    0 0.035 0.067 0.096 0.123 0.146 0.165 0.180 0.191 0.198   0.2
     [4,]    0 0.050 0.096 0.140 0.179 0.214 0.244 0.268 0.286 0.296   0.3
     [5,]    0 0.063 0.123 0.179 0.232 0.279 0.320 0.354 0.379 0.395   0.4
     [6,]    0 0.074 0.146 0.214 0.279 0.339 0.392 0.437 0.471 0.493   0.5
     [7,]    0 0.083 0.165 0.244 0.320 0.392 0.457 0.515 0.560 0.590   0.6
     [8,]    0 0.091 0.180 0.268 0.354 0.437 0.515 0.585 0.644 0.685   0.7
     [9,]    0 0.096 0.191 0.286 0.379 0.471 0.560 0.644 0.720 0.777   0.8
    [10,]    0 0.099 0.198 0.296 0.395 0.493 0.590 0.685 0.777 0.859   0.9
    [11,]    0 0.100 0.200 0.300 0.400 0.500 0.600 0.700 0.800 0.900   1.0

    
# ******************************************************************************


    # Clayton Density ----------------------------------------------------------
    # Rmetrics:
    round(matrix(.darchm1Copula(u, v, type = 1), 11), 3) 
          [,1]  [,2]  [,3]  [,4]  [,5]  [,6]  [,7]  [,8]  [,9] [,10] [,11]
     [1,]  NaN   NaN   NaN   NaN   NaN   NaN   NaN   NaN   NaN   NaN   NaN
     [2,]  NaN 2.916 1.822 1.185 0.822 0.601 0.458 0.360 0.290 0.239   0.2
     [3,]  NaN 1.822 1.715 1.409 1.138 0.926 0.763 0.638 0.540 0.462   0.4
     [4,]  NaN 1.185 1.409 1.357 1.230 1.092 0.965 0.852 0.755 0.671   0.6
     [5,]  NaN 0.822 1.138 1.230 1.221 1.166 1.093 1.016 0.939 0.867   0.8
     [6,]  NaN 0.601 0.926 1.092 1.166 1.185 1.172 1.140 1.097 1.050   1.0
     [7,]  NaN 0.458 0.763 0.965 1.093 1.172 1.215 1.233 1.233 1.221   1.2
     [8,]  NaN 0.360 0.638 0.852 1.016 1.140 1.233 1.300 1.348 1.381   1.4
     [9,]  NaN 0.290 0.540 0.755 0.939 1.097 1.233 1.348 1.447 1.530   1.6
    [10,]  NaN 0.239 0.462 0.671 0.867 1.050 1.221 1.381 1.530 1.670   1.8
    [11,]  NaN 0.200 0.400 0.600 0.800 1.000 1.200 1.400 1.600 1.800   2.0
    # S-PLUS:
    
    # Frank Density ------------------------------------------------------------
    # Rmetrics:
    round(matrix(.darchm1Copula(u, v, type = 5), 11), 3) 
          [,1]  [,2]  [,3]  [,4]  [,5]  [,6]  [,7]  [,8]  [,9] [,10] [,11]
     [1,]  NaN   NaN   NaN   NaN   NaN   NaN   NaN   NaN   NaN   NaN   NaN
     [2,]  NaN 1.333 1.239 1.148 1.062 0.981 0.904 0.832 0.765 0.702 0.643
     [3,]  NaN 1.239 1.180 1.120 1.059 0.998 0.938 0.879 0.821 0.765 0.711
     [4,]  NaN 1.148 1.120 1.087 1.050 1.011 0.968 0.924 0.879 0.832 0.786
     [5,]  NaN 1.062 1.059 1.050 1.037 1.018 0.995 0.968 0.938 0.904 0.868
     [6,]  NaN 0.981 0.998 1.011 1.018 1.021 1.018 1.011 0.998 0.981 0.960
     [7,]  NaN 0.904 0.938 0.968 0.995 1.018 1.037 1.050 1.059 1.062 1.060
     [8,]  NaN 0.832 0.879 0.924 0.968 1.011 1.050 1.087 1.120 1.148 1.172
     [9,]  NaN 0.765 0.821 0.879 0.938 0.998 1.059 1.120 1.180 1.239 1.295
    [10,]  NaN 0.702 0.765 0.832 0.904 0.981 1.062 1.148 1.239 1.333 1.431
    [11,]  NaN 0.643 0.711 0.786 0.868 0.960 1.060 1.172 1.295 1.431 1.582
    # S-PLUS:
    copula = archm.copula(family = "frank", param = 1.0)
    round(matrix(dcopula(copula, u, v), 11), 3)
           [,1]  [,2]  [,3]  [,4]  [,5]  [,6]  [,7]  [,8]  [,9] [,10] [,11] 
     [1,] 1.582 1.431 1.295 1.172 1.060 0.960 0.868 0.786 0.711 0.643 0.582
     [2,] 1.431 1.333 1.239 1.148 1.062 0.981 0.904 0.832 0.765 0.702 0.643
     [3,] 1.295 1.239 1.180 1.120 1.059 0.998 0.938 0.879 0.821 0.765 0.711
     [4,] 1.172 1.148 1.120 1.087 1.050 1.011 0.968 0.924 0.879 0.832 0.786
     [5,] 1.060 1.062 1.059 1.050 1.037 1.018 0.995 0.968 0.938 0.904 0.868
     [6,] 0.960 0.981 0.998 1.011 1.018 1.021 1.018 1.011 0.998 0.981 0.960
     [7,] 0.868 0.904 0.938 0.968 0.995 1.018 1.037 1.050 1.059 1.062 1.060
     [8,] 0.786 0.832 0.879 0.924 0.968 1.011 1.050 1.087 1.120 1.148 1.172
     [9,] 0.711 0.765 0.821 0.879 0.938 0.998 1.059 1.120 1.180 1.239 1.295
    [10,] 0.643 0.702 0.765 0.832 0.904 0.981 1.062 1.148 1.239 1.333 1.431
    [11,] 0.582 0.643 0.711 0.786 0.868 0.960 1.060 1.172 1.295 1.431 1.582
    
    # Joe Density --------------------------------------------------------------
    # Rmetrics: 
    round(matrix(.darchm1Copula(u, v, type = 6), 11), 3)
      [,1]  [,2]  [,3]  [,4]  [,5]  [,6]  [,7]  [,8]  [,9] [,10] [,11]
     [1,]  NaN   NaN   NaN   NaN   NaN   NaN   NaN   NaN   NaN   NaN   NaN
     [2,]  NaN 1.681 1.547 1.397 1.232 1.053 0.860 0.656 0.443 0.223   NaN
     [3,]  NaN 1.547 1.474 1.379 1.258 1.109 0.932 0.728 0.500 0.255   NaN
     [4,]  NaN 1.397 1.379 1.340 1.271 1.167 1.018 0.822 0.580 0.300   NaN
     [5,]  NaN 1.232 1.258 1.271 1.262 1.216 1.116 0.946 0.694 0.370   NaN
     [6,]  NaN 1.053 1.109 1.167 1.216 1.242 1.217 1.105 0.864 0.481   NaN
     [7,]  NaN 0.860 0.932 1.018 1.116 1.217 1.297 1.297 1.121 0.676   NaN
     [8,]  NaN 0.656 0.728 0.822 0.946 1.105 1.297 1.480 1.504 1.057   NaN
     [9,]  NaN 0.443 0.500 0.580 0.694 0.864 1.121 1.504 1.965 1.900   NaN
    [10,]  NaN 0.223 0.255 0.300 0.370 0.481 0.676 1.057 1.900 3.633   NaN
    [11,]  NaN   NaN   NaN   NaN   NaN   NaN   NaN   NaN   NaN   NaN   NaN
    # S-PLUS:
    copula = archm.copula(family = "joe", param = 2.0)
    round(matrix(dcopula(copula, u, v), 11), 3)
     [1,]   NA    NA    NA    NA    NA    NA    NA    NA    NA    NA    NA
     [2,]   NA 1.681 1.547 1.397 1.232 1.053 0.860 0.656 0.443 0.223     0
     [3,]   NA 1.547 1.474 1.379 1.258 1.109 0.932 0.728 0.500 0.255     0
     [4,]   NA 1.397 1.379 1.340 1.271 1.167 1.018 0.822 0.580 0.300     0
     [5,]   NA 1.232 1.258 1.271 1.262 1.216 1.116 0.946 0.694 0.370     0
     [6,]   NA 1.053 1.109 1.167 1.216 1.242 1.217 1.105 0.864 0.481     0
     [7,]   NA 0.860 0.932 1.018 1.116 1.217 1.297 1.297 1.121 0.676     0
     [8,]   NA 0.656 0.728 0.822 0.946 1.105 1.297 1.480 1.504 1.057     0
     [9,]   NA 0.443 0.500 0.580 0.694 0.864 1.121 1.504 1.965 1.900     0
    [10,]   NA 0.223 0.255 0.300 0.370 0.481 0.676 1.057 1.900 3.633     0
    [11,]   NA 0.000 0.000 0.000 0.000 0.000 0.000 0.000 0.000 0.000    NA


################################################################################
# EXTREME VALUE COPULAE:


    # Default Parameters:
    # Rmetrics:
    #   unlist(.evParam)
    #         gumbel.delta       galambos.delta   husler.reiss.delta 
    #                  2.0                  2.0                  2.0 
    #           tawn.alpha            tawn.beta               tawn.r 
    #                  2.0                  0.5                  2.0 
    #            bb5.delta            bb5.theta       gumbelII.alpha 
    #                  2.0                  2.0                  2.0 
    # marshall.olkin.alpha 
    #                  2.0 

                 
    # S-PLUS:
    # Evanesce Types:
    #   "gumbel", "galambos", "husler.reiss", "bb5", "tawn"
    

# ******************************************************************************
# Extreme Value Copulae Probability:


    # Gumbel Probability -------------------------------------------------------
    # Rmetrics:
    round(matrix(.pev1Copula(u, v, type = "gumbel"), 11), 3)
          [,1]  [,2]  [,3]  [,4]  [,5]  [,6]  [,7]  [,8]  [,9] [,10] [,11]
     [1,]    0 0.000 0.000 0.000 0.000 0.000 0.000 0.000 0.000 0.000   0.0
     [2,]    0 0.039 0.060 0.074 0.084 0.090 0.095 0.097 0.099 0.100   0.1
     [3,]    0 0.060 0.103 0.134 0.157 0.173 0.185 0.192 0.197 0.199   0.2
     [4,]    0 0.074 0.134 0.182 0.220 0.249 0.270 0.285 0.294 0.299   0.3
     [5,]    0 0.084 0.157 0.220 0.274 0.317 0.350 0.374 0.389 0.398   0.4
     [6,]    0 0.090 0.173 0.249 0.317 0.375 0.423 0.459 0.483 0.496   0.5
     [7,]    0 0.095 0.185 0.270 0.350 0.423 0.486 0.536 0.573 0.594   0.6
     [8,]    0 0.097 0.192 0.285 0.374 0.459 0.536 0.604 0.657 0.689   0.7
     [9,]    0 0.099 0.197 0.294 0.389 0.483 0.573 0.657 0.729 0.781   0.8
    [10,]    0 0.100 0.199 0.299 0.398 0.496 0.594 0.689 0.781 0.862   0.9
    [11,]    0 0.100 0.200 0.300 0.400 0.500 0.600 0.700 0.800 0.900   1.0
    # SPlus:
    copula = ev.copula(family = "gumbel", param = 2)
    round(matrix(pcopula(copula, u, v), 11), 3)
          [,1]  [,2]  [,3]  [,4]  [,5]  [,6]  [,7]  [,8]  [,9] [,10] [,11] 
     [1,]    0 0.000 0.000 0.000 0.000 0.000 0.000 0.000 0.000 0.000   0.0
     [2,]    0 0.039 0.060 0.074 0.084 0.090 0.095 0.097 0.099 0.100   0.1
     [3,]    0 0.060 0.103 0.134 0.157 0.173 0.185 0.192 0.197 0.199   0.2
     [4,]    0 0.074 0.134 0.182 0.220 0.249 0.270 0.285 0.294 0.299   0.3
     [5,]    0 0.084 0.157 0.220 0.274 0.317 0.350 0.374 0.389 0.398   0.4
     [6,]    0 0.090 0.173 0.249 0.317 0.375 0.423 0.459 0.483 0.496   0.5
     [7,]    0 0.095 0.185 0.270 0.350 0.423 0.486 0.536 0.573 0.594   0.6
     [8,]    0 0.097 0.192 0.285 0.374 0.459 0.536 0.604 0.657 0.689   0.7
     [9,]    0 0.099 0.197 0.294 0.389 0.483 0.573 0.657 0.729 0.781   0.8
    [10,]    0 0.100 0.199 0.299 0.398 0.496 0.594 0.689 0.781 0.862   0.9
    [11,]    0 0.100 0.200 0.300 0.400 0.500 0.600 0.700 0.800 0.900   1.0


    # Galambos Probability -----------------------------------------------------
    # Rmetrics:
    round(matrix(.pev1Copula(u, v, type = "galambos"), 11), 3)
          [,1]  [,2]  [,3]  [,4]  [,5]  [,6]  [,7]  [,8]  [,9] [,10] [,11]
     [1,]    0 0.000 0.000 0.000 0.000 0.000 0.000 0.000 0.000 0.000   0.0
     [2,]    0 0.051 0.075 0.087 0.094 0.097 0.099 0.100 0.100 0.100   0.1
     [3,]    0 0.075 0.125 0.157 0.177 0.189 0.195 0.198 0.200 0.200   0.2
     [4,]    0 0.087 0.157 0.211 0.249 0.274 0.288 0.296 0.299 0.300   0.3
     [5,]    0 0.094 0.177 0.249 0.306 0.348 0.375 0.390 0.397 0.400   0.4
     [6,]    0 0.097 0.189 0.274 0.348 0.408 0.453 0.481 0.495 0.499   0.5
     [7,]    0 0.099 0.195 0.288 0.375 0.453 0.517 0.563 0.589 0.599   0.6
     [8,]    0 0.100 0.198 0.296 0.390 0.481 0.563 0.631 0.677 0.697   0.7
     [9,]    0 0.100 0.200 0.299 0.397 0.495 0.589 0.677 0.749 0.792   0.8
    [10,]    0 0.100 0.200 0.300 0.400 0.499 0.599 0.697 0.792 0.873   0.9
    [11,]    0 0.100 0.200 0.300 0.400 0.500 0.600 0.700 0.800 0.900   1.0
    # S-PLUS
    copula = ev.copula(family = "galambos", param = 2)
    round(matrix(pcopula(copula, u, v), 11), 3)
          [,1]  [,2]  [,3]  [,4]  [,5]  [,6]  [,7]  [,8]  [,9] [,10] [,11] 
     [1,]    0 0.000 0.000 0.000 0.000 0.000 0.000 0.000 0.000 0.000   0.0
     [2,]    0 0.051 0.075 0.087 0.094 0.097 0.099 0.100 0.100 0.100   0.1
     [3,]    0 0.075 0.125 0.157 0.177 0.189 0.195 0.198 0.200 0.200   0.2
     [4,]    0 0.087 0.157 0.211 0.249 0.274 0.288 0.296 0.299 0.300   0.3
     [5,]    0 0.094 0.177 0.249 0.306 0.348 0.375 0.390 0.397 0.400   0.4
     [6,]    0 0.097 0.189 0.274 0.348 0.408 0.453 0.481 0.495 0.499   0.5
     [7,]    0 0.099 0.195 0.288 0.375 0.453 0.517 0.563 0.589 0.599   0.6
     [8,]    0 0.100 0.198 0.296 0.390 0.481 0.563 0.631 0.677 0.697   0.7
     [9,]    0 0.100 0.200 0.299 0.397 0.495 0.589 0.677 0.749 0.792   0.8
    [10,]    0 0.100 0.200 0.300 0.400 0.499 0.599 0.697 0.792 0.873   0.9
    [11,]    0 0.100 0.200 0.300 0.400 0.500 0.600 0.700 0.800 0.900   1.0


    # Husler-Reiss Probability -------------------------------------------------
    # Rmetrics:
    round(matrix(.pev1Copula(u, v, type = "husler.reiss"), 11), 3)
          [,1]  [,2]  [,3]  [,4]  [,5]  [,6]  [,7]  [,8]  [,9] [,10] [,11]
     [1,]    0 0.000 0.000 0.000 0.000 0.000 0.000 0.000 0.000 0.000   0.0
     [2,]    0 0.041 0.064 0.078 0.088 0.094 0.097 0.099 0.100 0.100   0.1
     [3,]    0 0.064 0.108 0.140 0.163 0.179 0.190 0.196 0.199 0.200   0.2
     [4,]    0 0.078 0.140 0.189 0.228 0.257 0.277 0.290 0.297 0.300   0.3
     [5,]    0 0.088 0.163 0.228 0.282 0.325 0.358 0.381 0.394 0.399   0.4
     [6,]    0 0.094 0.179 0.257 0.325 0.383 0.431 0.466 0.489 0.499   0.5
     [7,]    0 0.097 0.190 0.277 0.358 0.431 0.493 0.544 0.579 0.597   0.6
     [8,]    0 0.099 0.196 0.290 0.381 0.466 0.544 0.611 0.663 0.693   0.7
     [9,]    0 0.100 0.199 0.297 0.394 0.489 0.579 0.663 0.734 0.785   0.8
    [10,]    0 0.100 0.200 0.300 0.399 0.499 0.597 0.693 0.785 0.864   0.9
    [11,]    0 0.100 0.200 0.300 0.400 0.500 0.600 0.700 0.800 0.900   1.0
    # S-PLUS:
    copula = ev.copula(family = "husler.reiss", param = 2)
    round(matrix(pcopula(copula, u, v), 11), 3)
          [,1]  [,2]  [,3]  [,4]  [,5]  [,6]  [,7]  [,8]  [,9] [,10] [,11] 
     [1,]   NA 0.000 0.000 0.000 0.000 0.000 0.000 0.000 0.000 0.000    NA
     [2,]    0 0.041 0.064 0.078 0.088 0.094 0.097 0.099 0.100 0.100    NA
     [3,]    0 0.064 0.108 0.140 0.163 0.179 0.190 0.196 0.199 0.200    NA
     [4,]    0 0.078 0.140 0.189 0.228 0.257 0.277 0.290 0.297 0.300    NA
     [5,]    0 0.088 0.163 0.228 0.282 0.325 0.358 0.381 0.394 0.399    NA
     [6,]    0 0.094 0.179 0.257 0.325 0.383 0.431 0.466 0.489 0.499    NA
     [7,]    0 0.097 0.190 0.277 0.358 0.431 0.493 0.544 0.579 0.597    NA
     [8,]    0 0.099 0.196 0.290 0.381 0.466 0.544 0.611 0.663 0.693    NA
     [9,]    0 0.100 0.199 0.297 0.394 0.489 0.579 0.663 0.734 0.785    NA
    [10,]    0 0.100 0.200 0.300 0.399 0.499 0.597 0.693 0.785 0.864    NA
    [11,]   NA    NA    NA    NA    NA    NA    NA    NA    NA    NA    NA


    # BB5 Probability ----------------------------------------------------------
    # Rmetrics:
    round(matrix(.pev1Copula(u, v, type = "bb5"), 11), 3)
          [,1]  [,2]  [,3]  [,4]  [,5]  [,6]  [,7]  [,8]  [,9] [,10] [,11]
     [1,]    0 0.000 0.000 0.000 0.000 0.000 0.000 0.000 0.000 0.000   0.0
     [2,]    0 0.048 0.071 0.084 0.092 0.096 0.098 0.099 0.100 0.100   0.1
     [3,]    0 0.071 0.119 0.151 0.172 0.186 0.193 0.197 0.199 0.200   0.2
     [4,]    0 0.084 0.151 0.203 0.242 0.268 0.284 0.294 0.298 0.300   0.3
     [5,]    0 0.092 0.172 0.242 0.298 0.340 0.369 0.387 0.396 0.400   0.4
     [6,]    0 0.096 0.186 0.268 0.340 0.400 0.445 0.476 0.492 0.499   0.5
     [7,]    0 0.098 0.193 0.284 0.369 0.445 0.509 0.556 0.585 0.598   0.6
     [8,]    0 0.099 0.197 0.294 0.387 0.476 0.556 0.624 0.672 0.696   0.7
     [9,]    0 0.100 0.199 0.298 0.396 0.492 0.585 0.672 0.744 0.790   0.8
    [10,]    0 0.100 0.200 0.300 0.400 0.499 0.598 0.696 0.790 0.870   0.9
    [11,]    0 0.100 0.200 0.300 0.400 0.500 0.600 0.700 0.800 0.900   1.0
    # S-PLUS: 
    copula = ev.copula(family = "bb5", param = c(2, 1/2))
    round(matrix(pcopula(copula, u, v), 11), 3)
          [,1]  [,2]  [,3]  [,4]  [,5]  [,6]  [,7]  [,8]  [,9] [,10] [,11] 
     [1,]    0 0.000 0.000 0.000 0.000 0.000 0.000 0.000 0.000 0.000   0.0
     [2,]    0 0.048 0.071 0.084 0.092 0.096 0.098 0.099 0.100 0.100   0.1
     [3,]    0 0.071 0.119 0.151 0.172 0.186 0.193 0.197 0.199 0.200   0.2
     [4,]    0 0.084 0.151 0.203 0.242 0.268 0.284 0.294 0.298 0.300   0.3
     [5,]    0 0.092 0.172 0.242 0.298 0.340 0.369 0.387 0.396 0.400   0.4
     [6,]    0 0.096 0.186 0.268 0.340 0.400 0.445 0.476 0.492 0.499   0.5
     [7,]    0 0.098 0.193 0.284 0.369 0.445 0.509 0.556 0.585 0.598   0.6
     [8,]    0 0.099 0.197 0.294 0.387 0.476 0.556 0.624 0.672 0.696   0.7
     [9,]    0 0.100 0.199 0.298 0.396 0.492 0.585 0.672 0.744 0.790   0.8
    [10,]    0 0.100 0.200 0.300 0.400 0.499 0.598 0.696 0.790 0.870   0.9
    [11,]    0 0.100 0.200 0.300 0.400 0.500 0.600 0.700 0.800 0.900   1.0


    # Tawn Probability ---------------------------------------------------------
    # Rmetrics:
    round(matrix(.pev1Copula(u, v, c(2, 1/2, 3), "tawn"), 11), 3)
          [,1]  [,2]  [,3]  [,4]  [,5]  [,6]  [,7]  [,8]  [,9] [,10] [,11]
     [1,]    0 0.000 0.000 0.000 0.000 0.000 0.000 0.000 0.000 0.000   0.0
     [2,]    0 0.031 0.044 0.055 0.063 0.071 0.077 0.084 0.089 0.095   0.1
     [3,]    0 0.060 0.088 0.109 0.126 0.141 0.155 0.167 0.179 0.190   0.2
     [4,]    0 0.087 0.130 0.162 0.189 0.212 0.232 0.251 0.268 0.285   0.3
     [5,]    0 0.110 0.170 0.214 0.251 0.282 0.309 0.334 0.358 0.379   0.4
     [6,]    0 0.126 0.205 0.264 0.311 0.351 0.386 0.418 0.447 0.474   0.5
     [7,]    0 0.133 0.232 0.308 0.368 0.419 0.462 0.501 0.536 0.569   0.6
     [8,]    0 0.131 0.245 0.340 0.418 0.482 0.536 0.584 0.626 0.664   0.7
     [9,]    0 0.122 0.239 0.349 0.447 0.532 0.604 0.663 0.714 0.759   0.8
    [10,]    0 0.111 0.221 0.331 0.438 0.542 0.640 0.726 0.797 0.853   0.9
    [11,]    0 0.100 0.200 0.300 0.400 0.500 0.600 0.700 0.800 0.900   1.0
    # S-PLUS:
    copula = ev.copula(family = "tawn", param = c(2, 1/2, 3))
    round(matrix(pcopula(copula, u, v), 11), 3)
          [,1]  [,2]  [,3]  [,4]  [,5]  [,6]  [,7]  [,8]  [,9] [,10] [,11] 
     [1,]    0 0.000 0.000 0.000 0.000 0.000 0.000 0.000 0.000 0.000   0.0
     [2,]    0 0.031 0.044 0.055 0.063 0.071 0.077 0.084 0.089 0.095   0.1
     [3,]    0 0.060 0.088 0.109 0.126 0.141 0.155 0.167 0.179 0.190   0.2
     [4,]    0 0.087 0.130 0.162 0.189 0.212 0.232 0.251 0.268 0.285   0.3
     [5,]    0 0.110 0.170 0.214 0.251 0.282 0.309 0.334 0.358 0.379   0.4
     [6,]    0 0.126 0.205 0.264 0.311 0.351 0.386 0.418 0.447 0.474   0.5
     [7,]    0 0.133 0.232 0.308 0.368 0.419 0.462 0.501 0.536 0.569   0.6
     [8,]    0 0.131 0.245 0.340 0.418 0.482 0.536 0.584 0.626 0.664   0.7
     [9,]    0 0.122 0.239 0.349 0.447 0.532 0.604 0.663 0.714 0.759   0.8
    [10,]    0 0.111 0.221 0.331 0.438 0.542 0.640 0.726 0.797 0.853   0.9
    [11,]    0 0.100 0.200 0.300 0.400 0.500 0.600 0.700 0.800 0.900   1.0



# ******************************************************************************
# Extreme Value Copulae Density:


    # Gumbel Density -----------------------------------------------------------
    # Rmetrics:
    round(matrix(.dev1Copula(u, v, 1.1, "gumbel"), 11), 3)
          [,1]  [,2]  [,3]  [,4]  [,5]  [,6]  [,7]  [,8]  [,9] [,10] [,11]
     [1,]    0 0.000 0.000 0.000 0.000 0.000 0.000 0.000 0.000 0.000     0
     [2,]    0 2.518 1.918 1.410 1.011 0.706 0.474 0.300 0.170 0.073   NaN
     [3,]    0 1.918 1.847 1.604 1.299 0.989 0.707 0.466 0.270 0.117   NaN
     [4,]    0 1.410 1.604 1.607 1.469 1.236 0.953 0.664 0.399 0.176   NaN
     [5,]    0 1.011 1.299 1.469 1.515 1.426 1.212 0.911 0.576 0.261   NaN
     [6,]    0 0.706 0.989 1.236 1.426 1.516 1.454 1.217 0.836 0.397   NaN
     [7,]    0 0.474 0.707 0.953 1.212 1.454 1.608 1.561 1.223 0.634   NaN
     [8,]    0 0.300 0.466 0.664 0.911 1.217 1.561 1.838 1.780 1.097   NaN
     [9,]    0 0.170 0.270 0.399 0.576 0.836 1.223 1.780 2.375 2.117   NaN
    [10,]    0 0.073 0.117 0.176 0.261 0.397 0.634 1.097 2.117 4.101   NaN
    [11,]    0   NaN   NaN   NaN   NaN   NaN   NaN   NaN   NaN   NaN     0
    # SPlus:
    copula = ev.copula(family = "gumbel", param = 1.1)
    round(matrix(dcopula(copula, u, v), 11), 3)
          [,1]  [,2]  [,3]  [,4]  [,5]  [,6]  [,7]  [,8] [,9] [,10] [,11] 
     [1,]    0 0.000 0.000 0.000 0.000 0.000 0.000 0.000    0     0     0
     [2,]    0 1.299 0.953 0.576 0.474 0.664 0.836 1.097   NA    NA     0
     [3,]    0 0.989 0.664 0.261 0.707 0.911 1.223 2.117   NA    NA     0
     [4,]    0 0.707 0.399 0.706 0.953 1.217 1.780 4.101   NA    NA     0
     [5,]    0 0.466 0.176 0.989 1.212 1.561 2.375    NA   NA    NA     0
     [6,]    0 0.270 1.011 1.236 1.454 1.838 2.117    NA   NA    NA     0
     [7,]    0 0.117 1.299 1.426 1.608 1.780 0.073    NA   NA    NA     0
     [8,]    0 1.410 1.469 1.516 1.561 1.097 0.117    NA   NA    NA     0
     [9,]    0 1.604 1.515 1.454 1.223 0.170 0.176    NA   NA    NA     0
    [10,]    0 1.607 1.426 1.217 0.634 0.270 0.261    NA   NA    NA     0
    [11,]    0 0.000 0.000 0.000 0.000 0.000 0.000 0.000    0     0     0


    # Galambos Density ---------------------------------------------------------
    # Rmetrics:
    round(matrix(.dev1Copula(u, v, 2, "galambos"), 11), 3)
          [,1]  [,2]  [,3]  [,4]  [,5]  [,6]  [,7]  [,8]  [,9] [,10] [,11]
     [1,]  NaN   NaN   NaN   NaN   NaN   NaN   NaN   NaN   NaN   NaN   NaN
     [2,]  NaN 3.302 2.245 1.362 0.775 0.416 0.207 0.091 0.032 0.006   NaN
     [3,]  NaN 2.245 2.332 1.902 1.334 0.826 0.453 0.212 0.078 0.016   NaN
     [4,]  NaN 1.362 1.902 2.011 1.755 1.294 0.806 0.413 0.159 0.033   NaN
     [5,]  NaN 0.775 1.334 1.755 1.905 1.719 1.269 0.739 0.310 0.068   NaN
     [6,]  NaN 0.416 0.826 1.294 1.719 1.931 1.770 1.243 0.599 0.142   NaN
     [7,]  NaN 0.207 0.453 0.806 1.269 1.770 2.090 1.910 1.153 0.316   NaN
     [8,]  NaN 0.091 0.212 0.413 0.739 1.243 1.910 2.451 2.143 0.786   NaN
     [9,]  NaN 0.032 0.078 0.159 0.310 0.599 1.153 2.143 3.272 2.258   NaN
    [10,]  NaN 0.006 0.016 0.033 0.068 0.142 0.316 0.786 2.258 5.873   NaN
    [11,]  NaN   NaN   NaN   NaN   NaN   NaN   NaN   NaN   NaN   NaN   NaN
    # S-PLUS:
    copula = ev.copula(family = "galambos", param = 2)
    round(matrix(dcopula(copula, u, v), 11), 3)
          [,1]  [,2]  [,3]  [,4]  [,5]  [,6]  [,7]  [,8] [,9] [,10] [,11] 
     [1,]    0 0.000 0.000 0.000 0.000 0.000 0.000 0.000    0     0     0
     [2,]    0 1.334 0.806 0.310 0.207 0.413 0.599 0.786   NA    NA     0
     [3,]    0 0.826 0.413 0.068 0.453 0.739 1.153 2.258   NA    NA     0
     [4,]    0 0.453 0.159 0.416 0.806 1.243 2.143 5.873   NA    NA     0
     [5,]    0 0.212 0.033 0.826 1.269 1.910 3.272    NA   NA    NA     0
     [6,]    0 0.078 0.775 1.294 1.770 2.451 2.258    NA   NA    NA     0
     [7,]    0 0.016 1.334 1.719 2.090 2.143 0.006    NA   NA    NA     0
     [8,]    0 1.362 1.755 1.931 1.910 0.786 0.016    NA   NA    NA     0
     [9,]    0 1.902 1.905 1.770 1.153 0.032 0.033    NA   NA    NA     0
    [10,]    0 2.011 1.719 1.243 0.316 0.078 0.068    NA   NA    NA     0
    [11,]    0 0.000 0.000 0.000 0.000 0.000 0.000 0.000    0     0     0


    # Husler-Reiss Density -----------------------------------------------------
    # Rmetrics:
    round(matrix(.dev1Copula(u, v, 2, "husler.reiss"), 11), 3)
          [,1]  [,2]  [,3]  [,4]  [,5]  [,6]  [,7]  [,8]  [,9] [,10] [,11]
     [1,]    0 0.000 0.000 0.000 0.000 0.000 0.000 0.000 0.000 0.000     0
     [2,]    0 2.613 1.983 1.457 1.030 0.687 0.418 0.217 0.082 0.012   NaN
     [3,]    0 1.983 1.881 1.635 1.334 1.017 0.707 0.424 0.190 0.038   NaN
     [4,]    0 1.457 1.635 1.620 1.486 1.266 0.985 0.668 0.347 0.086   NaN
     [5,]    0 1.030 1.334 1.486 1.518 1.437 1.246 0.951 0.570 0.174   NaN
     [6,]    0 0.687 1.017 1.266 1.437 1.512 1.465 1.264 0.880 0.336   NaN
     [7,]    0 0.418 0.707 0.985 1.246 1.465 1.600 1.580 1.299 0.635   NaN
     [8,]    0 0.217 0.424 0.668 0.951 1.264 1.580 1.826 1.828 1.199   NaN
     [9,]    0 0.082 0.190 0.347 0.570 0.880 1.299 1.828 2.359 2.281   NaN
    [10,]    0 0.012 0.038 0.086 0.174 0.336 0.635 1.199 2.281 4.076   NaN
    [11,]    0   NaN   NaN   NaN   NaN   NaN   NaN   NaN   NaN   NaN     0
    # S-PLUS:
    copula = ev.copula(family = "husler.reiss", param = 2)
    round(matrix(dcopula(copula, u, v), 11), 3)
          [,1]  [,2]  [,3]  [,4]  [,5]  [,6]  [,7]  [,8]  [,9] [,10] [,11] 
     [1,]   NA    NA    NA    NA    NA    NA    NA    NA    NA    NA    NA
     [2,]   NA 2.613 1.983 1.457 1.030 0.687 0.418 0.217 0.082 0.012    NA
     [3,]   NA 1.983 1.881 1.635 1.334 1.017 0.707 0.424 0.190 0.038    NA
     [4,]   NA 1.457 1.635 1.620 1.486 1.266 0.985 0.668 0.347 0.086    NA
     [5,]   NA 1.030 1.334 1.486 1.518 1.437 1.246 0.951 0.570 0.174    NA
     [6,]   NA 0.687 1.017 1.266 1.437 1.512 1.465 1.264 0.880 0.336    NA
     [7,]   NA 0.418 0.707 0.985 1.246 1.465 1.600 1.580 1.299 0.635    NA
     [8,]   NA 0.217 0.424 0.668 0.951 1.264 1.580 1.826 1.828 1.199    NA
     [9,]   NA 0.082 0.190 0.347 0.570 0.880 1.299 1.828 2.359 2.281    NA
    [10,]   NA 0.012 0.038 0.086 0.174 0.336 0.635 1.199 2.281 4.076    NA
    [11,]   NA    NA    NA    NA    NA    NA    NA    NA    NA    NA    NA


    # BB5 Density --------------------------------------------------------------
    # Rmetrics:
    round(matrix(.devCopula(u, v, c(1/2, 2), "bb5"), 11), 3)
          [,1]  [,2]  [,3]  [,4]  [,5]  [,6]  [,7]  [,8]  [,9] [,10] [,11]
     [1,]    0 0.000 0.000 0.000 0.000 0.000 0.000 0.000 0.000 0.000     0
     [2,]    0 3.056 2.157 1.399 0.863 0.506 0.276 0.134 0.052 0.012   NaN
     [3,]    0 2.157 2.174 1.811 1.337 0.892 0.536 0.281 0.116 0.027   NaN
     [4,]    0 1.399 1.811 1.875 1.664 1.287 0.867 0.495 0.219 0.055   NaN
     [5,]    0 0.863 1.337 1.664 1.773 1.624 1.264 0.809 0.392 0.105   NaN
     [6,]    0 0.506 0.892 1.287 1.624 1.789 1.669 1.253 0.689 0.204   NaN
     [7,]    0 0.276 0.536 0.867 1.264 1.669 1.925 1.802 1.202 0.414   NaN
     [8,]    0 0.134 0.281 0.495 0.809 1.253 1.802 2.243 2.042 0.914   NaN
     [9,]    0 0.052 0.116 0.219 0.392 0.689 1.202 2.042 2.971 2.268   NaN
    [10,]    0 0.012 0.027 0.055 0.105 0.204 0.414 0.914 2.268 5.286   NaN
    [11,]    0   NaN   NaN   NaN   NaN   NaN   NaN   NaN   NaN   NaN     0
    # S-Plus:
    copula = ev.copula(family = "bb5", param = c(2, 1/2))
    round(matrix(dcopula(copula, u, v), 11), 3)
          [,1]  [,2]  [,3]  [,4]  [,5]  [,6]  [,7]  [,8] [,9] [,10] [,11] 
     [1,]    0 0.000 0.000 0.000 0.000 0.000 0.000 0.000    0     0     0
     [2,]    0 1.337 0.867 0.392 0.276 0.495 0.689 0.914   NA    NA     0
     [3,]    0 0.892 0.495 0.105 0.536 0.809 1.202 2.268   NA    NA     0
     [4,]    0 0.536 0.219 0.506 0.867 1.253 2.042 5.286   NA    NA     0
     [5,]    0 0.281 0.055 0.892 1.264 1.802 2.971    NA   NA    NA     0
     [6,]    0 0.116 0.863 1.287 1.669 2.243 2.268    NA   NA    NA     0
     [7,]    0 0.027 1.337 1.624 1.925 2.042 0.012    NA   NA    NA     0
     [8,]    0 1.399 1.664 1.789 1.802 0.914 0.027    NA   NA    NA     0
     [9,]    0 1.811 1.773 1.669 1.202 0.052 0.055    NA   NA    NA     0
    [10,]    0 1.875 1.624 1.253 0.414 0.116 0.105    NA   NA    NA     0
    [11,]    0 0.000 0.000 0.000 0.000 0.000 0.000 0.000    0     0     0


    # Tawn Density -------------------------------------------------------------
    # Rmetrics:
    round(matrix(.dev1Copula(u, v, c(0.1, 0.9, 1.1), "tawn"), 11), 3)
          [,1]  [,2]  [,3]  [,4]  [,5]  [,6]  [,7]  [,8]  [,9] [,10] [,11]
     [1,]    0 0.000 0.000 0.000 0.000 0.000 0.000 0.000 0.000 0.000     0
     [2,]    0 1.039 1.034 1.029 1.024 1.018 1.010 0.998 0.979 0.939   NaN
     [3,]    0 1.023 1.021 1.019 1.017 1.014 1.010 1.003 0.992 0.963   NaN
     [4,]    0 1.013 1.012 1.012 1.011 1.010 1.009 1.006 1.000 0.981   NaN
     [5,]    0 1.004 1.005 1.005 1.006 1.006 1.007 1.007 1.006 0.997   NaN
     [6,]    0 0.996 0.998 0.999 1.001 1.002 1.004 1.007 1.010 1.011   NaN
     [7,]    0 0.989 0.991 0.993 0.995 0.998 1.001 1.005 1.012 1.023   NaN
     [8,]    0 0.982 0.985 0.987 0.990 0.993 0.997 1.003 1.013 1.034   NaN
     [9,]    0 0.975 0.978 0.981 0.984 0.987 0.992 0.999 1.012 1.042   NaN
    [10,]    0 0.966 0.969 0.972 0.975 0.979 0.984 0.992 1.007 1.045   NaN
    [11,]    0   NaN   NaN   NaN   NaN   NaN   NaN   NaN   NaN   NaN     0
    # S-PLUS:
    copula = ev.copula(family = "tawn", param = c(0.1, 0.9, 1.1))
    round(matrix(dcopula(copula, u, v), 11), 3)
          [,1]  [,2]  [,3]  [,4]  [,5]  [,6]  [,7]  [,8] [,9] [,10] [,11] 
     [1,]    0 0.000 0.000 0.000 0.000 0.000 0.000 0.000    0     0     0
     [2,]    0 1.005 0.993 0.984 1.010 1.006 1.010 1.034   NA    NA     0
     [3,]    0 0.998 0.987 0.975 1.010 1.007 1.012 1.042   NA    NA     0
     [4,]    0 0.991 0.981 1.018 1.009 1.007 1.013 1.045   NA    NA     0
     [5,]    0 0.985 0.972 1.014 1.007 1.005 1.012    NA   NA    NA     0
     [6,]    0 0.978 1.024 1.010 1.004 1.003 1.007    NA   NA    NA     0
     [7,]    0 0.969 1.017 1.006 1.001 0.999 0.939    NA   NA    NA     0
     [8,]    0 1.029 1.011 1.002 0.997 0.992 0.963    NA   NA    NA     0
     [9,]    0 1.019 1.006 0.998 0.992 0.979 0.981    NA   NA    NA     0
    [10,]    0 1.012 1.001 0.993 0.984 0.992 0.997    NA   NA    NA     0
    [11,]    0 0.000 0.000 0.000 0.000 0.000 0.000 0.000    0     0     0


################################################################################

