"nervePulse" <- c(10.5, 1.5, 2.5, 5.5, 29.5, 3.0, 9.0, 27.5, 18.5,
4.5, 7.0, 9.5, 1.0, 7.0, 4.5, 2.5, 7.5, 11.5, 7.5, 4.0, 12.0, 8.0,
3.0, 5.5, 7.5, 4.5, 1.5, 10.5, 1.0, 7.0, 12.0, 14.5, 8.0, 3.5, 3.5,
2.0, 1.0, 7.5, 6.0, 13.0, 7.5, 16.5, 3.0, 25.5, 5.5, 14.0, 18.0, 7.0,
27.5, 14.0, 2.0, 0.5, 47.0, 36.5, 2.5, 3.5, 5.5, 19.0, 10.5, 24.5,
19.0, 19.0, 0.5, 3.0, 6.5, 3.0, 0.5, 8.0, 2.5, 5.0, 8.0, 3.0, 3.0,
3.0, 3.0, 5.5, 22.0, 2.5, 4.5, 2.0, 13.5, 25.0, 12.5, 12.5, 4.0, 0.5,
35.0, 2.0, 4.0, 8.0, 19.0, 4.0, 16.0, 19.5, 29.0, 28.0, 37.0, 7.5,
3.5, 13.0, 12.5, 0.5, 8.5, 32.0, 30.5, 7.5, 13.0, 1.5, 2.5, 17.0, 3.5,
5.0, 4.5, 1.0, 15.0, 3.5, 6.0, 0.5, 8.0, 7.0, 24.5, 3.5, 5.5, 17.5,
60.5, 8.5, 0.5, 17.5, 22.5, 3.5, 46.5, 2.0, 48.0, 7.0, 69.0, 7.5, 0.5,
2.5, 11.5, 15.5, 2.5, 2.5, 14.5, 0.5, 37.0, 15.0, 4.5, 1.0, 9.5, 23.5,
0.5, 25.5, 6.0, 6.0, 21.5, 16.0, 4.5, 10.0, 1.5, 2.5, 6.5, 7.5, 2.5,
4.0, 2.0, 4.5, 5.0, 5.0, 13.0, 3.5, 34.0, 7.5, 0.5, 13.5, 2.5, 1.5,
20.0, 2.0, 10.5, 14.5, 12.0, 4.0, 11.5, 5.0, 9.5, 10.0, 13.0, 3.0,
20.0, 25.5, 7.5, 55.0, 8.0, 39.0, 2.0, 13.5, 17.5, 35.5, 7.5, 14.5,
2.0, 0.5, 14.0, 10.5, 4.5, 8.5, 4.5, 8.5, 7.5, 31.0, 25.0, 3.5, 19.5,
14.0, 10.0, 17.0, 8.0, 32.5, 2.0, 33.5, 5.0, 25.5, 13.0, 3.5, 35.5,
5.5, 23.5, 1.0, 19.0, 2.0, 21.5, 5.5, 11.5, 7.0, 4.0, 56.0, 25.0,
12.5, 9.0, 6.0, 1.0, 7.5, 6.0, 4.0, 19.0, 11.0, 8.0, 20.0, 29.0, 2.5,
3.5, 14.0, 13.5, 12.0, 3.5, 1.0, 13.5, 13.5, 8.0, 2.5, 17.0, 5.0, 1.0,
2.0, 5.0, 11.0, 12.0, 2.0, 14.0, 5.0, 11.5, 1.5, 17.0, 10.5, 20.5,
7.5, 2.5, 8.5, 26.5, 15.0, 7.5, 9.5, 3.5, 41.5, 2.0, 2.0, 7.0, 17.0,
5.0, 7.5, 2.5, 2.0, 2.5, 32.5, 8.0, 16.0, 43.5, 3.5, 8.5, 5.0, 1.5,
8.5, 19.0, 14.0, 7.0, 3.5, 7.0, 1.5, 10.5, 20.0, 2.0, 5.5, 22.0, 45.0,
5.0, 24.5, 4.5, 0.5, 4.0, 3.0, 4.0, 0.5, 7.5, 25.0, 18.0, 4.0, 17.0,
1.0, 10.5, 16.0, 11.0, 25.5, 6.0, 8.0, 26.0, 10.5, 2.5, 23.0, 22.0,
2.0, 2.5, 2.0, 7.0, 4.0, 10.5, 1.0, 31.5, 17.5, 0.5, 19.0, 21.5, 1.5,
19.5, 2.0, 8.5, 11.5, 39.0, 7.0, 4.0, 5.5, 3.5, 22.5, 23.0, 10.0, 9.5,
25.0, 4.5, 11.0, 14.5, 0.5, 9.5, 3.0, 19.5, 4.0, 1.5, 14.0, 4.5, 8.5,
22.5, 20.0, 3.5, 15.0, 8.0, 12.0, 40.5, 67.5, 0.5, 1.0, 1.5, 3.0, 6.0,
15.5, 32.0, 4.0, 7.5, 3.0, 3.0, 7.5, 34.0, 15.0, 1.0, 2.0, 1.0, 40.5,
4.5, 9.5, 7.0, 6.0, 18.0, 1.0, 5.5, 2.0, 4.0, 8.5, 2.0, 2.5, 7.0, 3.5,
19.5, 6.5, 28.0, 6.0, 15.5, 2.5, 5.0, 6.5, 2.5, 0.5, 4.5, 1.5, 13.5,
8.5, 1.5, 2.5, 13.0, 11.5, 10.0, 38.0, 2.5, 1.0, 0.5, 10.0, 10.5, 1.0,
2.0, 8.0, 16.0, 21.5, 10.0, 6.5, 5.0, 10.0, 4.0, 40.5, 5.5, 4.5, 13.0,
7.5, 18.0, 9.0, 5.0, 17.0, 28.0, 4.5, 7.5, 7.0, 7.5, 11.0, 16.5, 2.0,
3.5, 4.5, 9.0, 4.0, 3.5, 3.5, 34.0, 13.5, 10.5, 5.5, 3.5, 22.0, 6.5,
2.0, 19.5, 7.0, 5.0, 4.0, 1.0, 28.5, 17.5, 8.5, 10.5, 7.0, 38.5, 3.0,
17.0, 7.5, 14.5, 4.0, 36.0, 15.5, 10.0, 5.0, 0.5, 12.0, 3.5, 11.0,
24.5, 1.5, 9.0, 23.5, 18.5, 8.5, 21.0, 1.0, 11.0, 6.0, 0.5, 17.0,
20.5, 13.5, 3.5, 15.0, 4.5, 13.5, 14.0, 7.5, 13.0, 0.5, 3.0, 17.5,
1.5, 13.0, 2.5, 9.0, 23.0, 6.0, 11.5, 16.0, 4.0, 13.0, 41.0, 5.0,
34.5, 7.5, 0.5, 19.5, 2.0, 6.5, 17.0, 6.5, 6.5, 15.0, 14.5, 11.5, 0.5,
19.0, 2.0, 4.0, 7.5, 5.0, 31.0, 41.5, 5.5, 35.5, 4.0, 30.5, 9.0, 2.5,
10.0, 6.0, 5.0, 1.5, 5.5, 10.0, 8.0, 5.0, 1.5, 11.5, 6.0, 0.5, 6.0,
8.5, 7.0, 5.0, 1.0, 6.5, 3.0, 10.5, 25.0, 2.0, 21.0, 14.5, 4.0, 0.5,
15.0, 22.5, 3.0, 12.5, 1.0, 3.0, 1.0, 8.5, 5.0, 14.0, 10.5, 14.0,
15.0, 1.0, 1.0, 14.0, 4.5, 35.5, 3.0, 6.0, 14.5, 2.5, 13.5, 12.5, 5.0,
8.0, 4.0, 26.0, 22.0, 9.5, 36.0, 6.0, 15.0, 7.0, 22.5, 21.0, 4.5, 3.5,
31.0, 25.5, 25.0, 23.5, 14.0, 2.0, 33.0, 4.0, 5.5, 1.5, 16.0, 8.0,
5.5, 13.0, 2.5, 3.5, 2.0, 11.0, 4.0, 4.0, 0.5, 3.0, 2.5, 2.5, 8.0,
2.5, 6.5, 21.0, 10.5, 18.0, 2.5, 0.5, 22.0, 7.0, 7.0, 7.0, 4.0, 25.5,
9.0, 1.0, 25.5, 3.0, 11.0, 0.5, 4.5, 11.0, 29.5, 1.5, 35.5, 7.0, 1.0,
25.5, 1.5, 20.5, 8.5, 18.5, 19.5, 41.0, 40.5, 12.0, 26.0, 20.0, 12.0,
3.0, 36.5, 13.5, 9.0, 0.5, 8.5, 1.0, 5.5, 13.0, 6.5, 34.0, 6.5, 4.0,
35.5, 2.0, 5.5, 6.5, 8.5, 17.0, 11.5, 4.0, 13.0, 1.5, 10.5, 22.5,
20.0, 1.5, 8.0, 3.0, 14.5, 21.5, 1.5, 5.0, 5.0, 15.5, 13.5, 13.5,
16.5, 7.0, 4.5, 13.5, 7.0, 4.5, 4.0, 3.0, 8.0, 1.0, 3.5, 9.5, 5.5,
5.0, 8.5, 12.0, 0.5, 6.5, 10.5, 1.5, 19.5, 0.5, 13.5, 9.5, 1.0, 10.5,
2.0, 5.0, 3.0, 24.0, 6.0, 7.5, 6.0, 26.0, 24.0, 14.5, 28.5, 11.0, 0.5,
22.0, 2.5, 24.5, 5.0, 9.5, 22.0, 1.0, 36.0, 4.5, 2.0, 1.0, 1.0, 3.0,
11.0, 26.5, 9.0, 5.0, 5.0, 1.5, 4.0, 7.5, 2.5, 6.5, 1.0, 5.0, 25.5 )



